10 0.02561595 0.14861 0.0097771 0.014381999999999983
6 0.5398905 0.407239 0.030113000000000056 0.05129399999999995
6 0.41083300000000006 0.40699950000000007 0.03089599999999999 0.050814999999999964
6 0.43683999999999995 0.4096355 0.03128599999999997 0.05033499999999998
6 0.4736015 0.4053215 0.032850999999999964 0.04937699999999996
6 0.4886585 0.4081975 0.031677 0.05033499999999998
6 0.51623 0.41083400000000003 0.03128600000000006 0.04985599999999999
6 0.5275715 0.407958 0.03206899999999999 0.04985599999999999
6 0.552405 0.40628000000000003 0.03089599999999999 0.05129400000000004
6 0.37172499999999997 0.40580049999999995 0.033241999999999994 0.05033500000000002
6 0.567071 0.40915599999999996 0.030503999999999996 0.05129399999999995
6 0.578608 0.40699900000000006 0.03089599999999999 0.04985600000000003
6 0.5921000000000001 0.4081975 0.030503999999999996 0.04937699999999996
6 0.6059835 0.407718 0.030895000000000027 0.05033599999999998
6 0.618498 0.40915599999999996 0.03089599999999999 0.05129399999999995
6 0.6312085 0.407718 0.03050500000000005 0.05033599999999998
6 0.3947985 0.4050815 0.030894999999999985 0.04697899999999997
6 0.35803700000000005 0.4055605 0.031678000000000005 0.05081500000000001
6 0.563551 0.51558 0.02189999999999994 0.03116000000000003
6 0.22487300000000002 0.4029245 0.030503999999999996 0.049377000000000004
6 0.7749314999999999 0.3559445 0.030112999999999966 0.04745899999999996
6 0.788033 0.35666349999999997 0.030503999999999996 0.04889699999999997
6 0.8021119999999999 0.35810200000000003 0.029721999999999936 0.04698000000000002
6 0.8138445000000001 0.35498599999999997 0.02972299999999999 0.04841799999999998
6 0.198279 0.40220500000000003 0.030503999999999996 0.04985599999999999
6 0.2117715 0.40292399999999995 0.030895000000000006 0.05033600000000003
6 0.23973399999999997 0.40652 0.030503999999999996 0.04985599999999994
6 0.34434899999999996 0.40604000000000007 0.031678000000000005 0.05177400000000003
6 0.25205299999999997 0.4041225 0.03089599999999999 0.05081500000000001
6 0.266523 0.405321 0.031678000000000005 0.04841800000000003
6 0.2915525 0.4050815 0.031677 0.04985699999999995
6 0.3048495 0.4055605 0.030895000000000027 0.05081500000000001
6 0.316973 0.403164 0.03011400000000002 0.04985599999999999
6 0.329879 0.40436250000000007 0.03089599999999999 0.05033500000000002
6 0.6445055 0.408437 0.032850999999999964 0.04985599999999994
6 0.6722725 0.41083400000000003 0.03206899999999999 0.052732
6 0.6990615 0.4122725 0.03089499999999994 0.04889700000000001
6 0.378373 0.5160595000000001 0.02151000000000001 0.030201000000000013
6 0.197106 0.511745 0.020336 0.030201999999999972
6 0.2105985 0.5107865 0.02072700000000003 0.030201000000000013
6 0.3030895 0.5093479999999999 0.021900999999999993 0.030201999999999972
6 0.22350399999999998 0.5112655 0.02229199999999998 0.030201000000000013
6 0.3396555 0.5153399999999999 0.01994500000000001 0.029722000000000026
6 0.3529525 0.5153405 0.01994499999999997 0.028763000000000004
6 0.3922565 0.51582 0.021900999999999993 0.03163999999999998
6 0.6845915 0.41059450000000003 0.030895000000000027 0.049377000000000004
6 0.4329295 0.513183 0.022682999999999964 0.03116000000000003
6 0.4464214999999999 0.5139025 0.02072700000000003 0.03068100000000005
6 0.4579585 0.514861 0.02033699999999996 0.029722000000000026
6 0.4712555 0.5155799999999999 0.02111900000000002 0.030201999999999972
6 0.486312 0.5124639999999999 0.02151000000000005 0.029722000000000026
6 0.510755 0.5174974999999999 0.02111799999999997 0.030201000000000013
6 0.1842 0.5098269999999999 0.020336 0.031159999999999945
6 0.168557 0.5139025 0.021118000000000015 0.03068100000000005
6 0.15760649999999998 0.511026 0.021119 0.030679999999999995
6 0.1452875 0.5098269999999999 0.020727000000000006 0.031159999999999945
6 0.13179500000000002 0.5098269999999999 0.02190000000000001 0.031159999999999945
6 0.1171295 0.512704 0.022291000000000016 0.03116000000000003
6 0.10305035 0.5124639999999999 0.0215093 0.030679999999999995
6 0.0901445 0.510307 0.020726999999999995 0.02924199999999999
6 0.8154084999999999 0.41083400000000003 0.03050499999999996 0.04985599999999999
6 0.8023075000000001 0.409636 0.030113000000000056 0.04841799999999998
6 0.7890105000000001 0.40891649999999996 0.030895000000000027 0.04889699999999997
6 0.7755185 0.40915599999999996 0.03128700000000002 0.05033599999999998
6 0.762808 0.409636 0.03089599999999999 0.04841799999999998
6 0.750489 0.411074 0.030503999999999996 0.05033600000000003
6 0.735628 0.40867699999999996 0.029721999999999936 0.04841799999999998
6 0.7268285000000001 0.416347 0.030895000000000027 0.05129400000000004
6 0.709816 0.407958 0.030503999999999996 0.04985599999999999
6 0.759875 0.35234899999999997 0.029721999999999936 0.04697999999999998
6 0.7483380000000001 0.356184 0.03011399999999993 0.047937999999999995
6 0.736019 0.357862 0.029722000000000026 0.046499999999999986
6 0.6020730000000001 0.23250200000000004 0.03089599999999999 0.04697999999999998
6 0.4673445 0.21596349999999997 0.03128700000000002 0.049377000000000004
6 0.47888149999999996 0.21883999999999998 0.030895000000000027 0.04841799999999998
6 0.489832 0.221237 0.03011400000000002 0.048418
6 0.50176 0.22483250000000005 0.030503999999999996 0.047938999999999996
6 0.5271805 0.22483250000000005 0.03128699999999993 0.047938999999999996
6 0.5526004999999999 0.225791 0.03128699999999993 0.047937999999999995
6 0.6544779999999999 0.2329815 0.03089599999999999 0.047938999999999996
6 0.8032855 0.25071950000000004 0.0320689999999999 0.05081500000000001
6 0.667188 0.23657750000000002 0.030503999999999996 0.049377000000000004
6 0.6910445 0.2384945 0.03206899999999999 0.04745900000000001
6 0.7174425 0.23945350000000004 0.030895000000000027 0.05033499999999998
6 0.7422765 0.24233000000000002 0.03206899999999999 0.05129399999999999
6 0.7680875 0.24352799999999997 0.032851000000000054 0.04985599999999999
6 0.781189 0.2430485 0.03089600000000008 0.050814999999999964
6 0.43019149999999995 0.2126075 0.03206899999999999 0.049377000000000004
6 0.403989 0.2118885 0.029722000000000026 0.04889700000000001
6 0.39010550000000005 0.2135665 0.02933100000000004 0.050335
6 0.3773955 0.2128475 0.02972299999999999 0.04793900000000002
6 0.3646855 0.212608 0.028549000000000026 0.048418
6 0.3500195 0.21572399999999997 0.030505000000000004 0.04985599999999999
6 0.331052 0.22507200000000002 0.028549999999999985 0.047460000000000016
6 0.3244035 0.2128475 0.031677000000000045 0.05081500000000001
6 0.3111065 0.21212850000000003 0.030112999999999966 0.049377000000000004
6 0.298983 0.2121285 0.03011400000000002 0.050335
6 0.2710205 0.215484 0.030505000000000004 0.050336000000000006
6 0.2596795 0.2111695 0.030505000000000004 0.04937699999999998
6 0.24559999999999998 0.2104505 0.029722000000000026 0.04889700000000001
6 0.23191250000000002 0.2121285 0.02972299999999999 0.050335
6 0.21861550000000002 0.21236850000000002 0.030505000000000004 0.050814999999999985
6 0.20629650000000002 0.21164900000000003 0.03011299999999999 0.050336000000000006
6 0.195151 0.2082935 0.02815799999999997 0.046501000000000015
6 0.7954635 0.241371 0.028941000000000015 0.046499999999999986
6 0.8167774999999999 0.25095900000000004 0.031677 0.05129399999999999
6 0.723113 0.357862 0.029722000000000026 0.047460000000000016
6 0.48728999999999995 0.354746 0.029722000000000026 0.047937999999999995
6 0.3947985 0.35210949999999996 0.031677 0.05033499999999998
6 0.4188504999999999 0.348274 0.03206899999999999 0.05129399999999999
6 0.43371149999999997 0.352109 0.03128700000000002 0.05129399999999999
6 0.4458349999999999 0.3497125 0.03206800000000003 0.05033500000000002
6 0.45913149999999997 0.3511505 0.032850999999999964 0.052253000000000015
6 0.47457950000000004 0.3545065 0.029330999999999996 0.04745900000000001
6 0.5254205000000001 0.35306800000000005 0.030112999999999966 0.047460000000000016
6 0.8427845000000002 0.2511985 0.032069000000000084 0.05369100000000002
6 0.5786075 0.3557045 0.027766999999999965 0.04314499999999999
6 0.6312085 0.35642399999999996 0.026593 0.04362400000000002
6 0.6705125000000001 0.3564235 0.030112999999999966 0.049377000000000004
6 0.6853735000000001 0.3593 0.030112999999999966 0.04841800000000003
6 0.697497 0.3576225 0.02933199999999996 0.047938999999999996
6 0.7111850000000001 0.35834099999999997 0.028549999999999985 0.04554199999999997
6 0.38345700000000005 0.355465 0.030896000000000035 0.05129399999999999
6 0.36976899999999996 0.35306800000000005 0.031678000000000005 0.05129399999999999
6 0.356472 0.3537875 0.032459999999999975 0.05081500000000001
6 0.329879 0.35139050000000005 0.03089599999999999 0.05081500000000001
6 0.31697300000000006 0.352109 0.031678000000000005 0.05129399999999999
6 0.304067 0.35258849999999997 0.03089599999999999 0.049377000000000004
6 0.29096599999999995 0.35378699999999996 0.031286000000000015 0.04889800000000002
6 0.27766900000000005 0.352589 0.031286000000000015 0.04841800000000003
6 0.2651545 0.35258849999999997 0.03128700000000002 0.05033499999999998
6 0.250489 0.350671 0.032460000000000024 0.05129400000000004
6 0.22467699999999996 0.350192 0.031678000000000005 0.05129399999999999
6 0.21138050000000003 0.350192 0.032458999999999995 0.05033600000000003
6 0.198475 0.350192 0.032460000000000024 0.05129399999999999
6 0.894603 0.254554 0.03011400000000002 0.04985599999999999
6 0.880133 0.256472 0.030895999999999903 0.05177399999999999
6 0.869378 0.25095900000000004 0.030503999999999996 0.05129399999999999
6 0.855495 0.252876 0.03167800000000014 0.053211999999999995
6 0.5490809999999999 0.517737 0.02190000000000003 0.029722000000000026
6 0.5770435 0.5174974999999999 0.02072699999999994 0.030201000000000013
10 0.023856099999999998 0.1605945 0.009386 0.013423000000000008
10 0.5101685 0.7785235 0.00977699999999997 0.023010999999999983
10 0.3936255 0.6860015 0.008213000000000026 0.02109300000000003
10 0.41200650000000005 0.713087 0.01055900000000003 0.023489999999999966
10 0.44955049999999996 0.7114095 0.008213000000000026 0.022050999999999998
10 0.459132 0.6874399999999999 0.007821999999999996 0.020134000000000006
10 0.5160345 0.6898375 0.008213000000000026 0.02109300000000003
10 0.3854125 0.852349 0.008994999999999998 0.02301000000000002
6 0.43605800000000006 0.922579 0.009386000000000028 0.031159999999999854
10 0.3261635 0.7133269999999999 0.007038999999999973 0.02013399999999992
6 0.45893649999999997 0.9216205000000001 0.01055899999999994 0.030200999999999922
6 0.47105949999999996 0.9220995000000001 0.00977699999999997 0.030200999999999922
10 0.499413 0.9280919999999998 0.008603999999999968 0.020134000000000006
10 0.8947984999999999 0.041946300000000006 0.01564299999999985 0.018696
6 0.9131795 0.2881115 0.035196999999999964 0.013423000000000008
6 0.912202 0.305129 0.03480599999999985 0.01102599999999998
10 0.37974199999999997 0.7135665 0.008604000000000011 0.020612999999999992
10 0.327337 0.6898375 0.007821999999999996 0.02109300000000003
6 0.590927 0.5160595000000001 0.02111799999999997 0.030201000000000013
6 0.213727 0.6644295 0.03949999999999998 0.013422999999999963
10 0.1392255 0.04793865 0.017207000000000017 0.010546500000000004
10 0.1362925 0.06040265 0.016035 0.010546500000000004
6 0.1239735 0.25 0.040673 0.011026000000000025
6 0.108721 0.27780449999999995 0.03910800000000001 0.011985
6 0.10089964999999998 0.29218599999999995 0.039108699999999996 0.01102599999999998
6 0.09346885 0.305369 0.03989029999999999 0.011505999999999971
6 0.21196700000000002 0.688159 0.016426000000000007 0.030202000000000062
10 0.28920599999999996 0.712368 0.006647999999999987 0.02301000000000002
6 0.0230739 0.699185 0.022682799999999996 0.031159999999999945
6 0.04849435 0.7257910000000001 0.021900699999999995 0.030679999999999995
6 0.07293705 0.753116 0.0238561 0.029722000000000026
6 0.0827141 0.7629435 0.022291799999999994 0.029242999999999953
6 0.09131805 0.7737295 0.022291899999999996 0.03068099999999996
6 0.1423545 0.784276 0.024246999999999998 0.03163999999999989
6 0.9141570000000001 0.317833 0.034023999999999964 0.01054599999999999
6 0.914353 0.3314955 0.03597999999999999 0.010067000000000003
6 0.9139614999999999 0.3446785 0.035196999999999964 0.011504999999999965
10 0.9088775 0.928092 0.02033699999999996 0.010546000000000078
6 0.908291 0.810403 0.03871800000000007 0.013901999999999859
6 0.9090735000000001 0.8283795000000002 0.03715299999999999 0.013423000000000051
6 0.9061400000000001 0.8449185 0.03597999999999999 0.011025000000000063
6 0.901056 0.8664910000000001 0.03910799999999988 0.011983999999999995
6 0.9049669999999999 0.8832695000000002 0.03676200000000005 0.011985000000000134
6 0.9026205 0.9168265 0.04145500000000002 0.014861000000000147
10 0.8709425 0.9199425000000001 0.01642500000000009 0.008628999999999998
6 0.9153304999999999 0.35738250000000005 0.03402499999999993 0.012942999999999972
6 0.852366 0.9338445 0.04341000000000008 0.013422999999999874
10 0.6752055 0.848274 0.007430999999999965 0.018695999999999914
10 0.8294879999999999 0.7190795 0.010949999999999882 0.02109300000000003
10 0.6722720000000001 0.7013425 0.007040000000000024 0.018217000000000018
10 0.1183025 0.8147175000000001 0.01681699999999999 0.019655000000000023
10 0.0252249 0.1730585 0.011341400000000001 0.015341000000000004
6 0.9080954999999999 0.7917065 0.04067299999999996 0.015818999999999937
6 0.9106375 0.777085 0.03949899999999999 0.017257999999999996
6 0.9114195 0.7612655 0.03949899999999999 0.016298999999999973
6 0.9127884999999999 0.747124 0.0398909999999999 0.01581999999999999
6 0.9166995 0.579099 0.02581099999999985 0.012463999999999942
6 0.9163085000000001 0.5505755000000001 0.03128700000000002 0.011985000000000046
6 0.9153304999999999 0.535954 0.03089499999999994 0.011505999999999971
6 0.9157215000000001 0.5215725 0.031677 0.013423000000000051
6 0.9147434999999999 0.49328900000000003 0.0320689999999999 0.01246400000000003
6 0.9143525 0.465484 0.032850999999999964 0.01054599999999999
6 0.914157 0.4525405 0.033241999999999904 0.01150500000000001
6 0.9139614999999999 0.439118 0.032850999999999964 0.011506000000000061
6 0.9131795 0.4259345 0.033633000000000024 0.011985000000000046
6 0.9118110000000001 0.412512 0.034023999999999964 0.011026000000000025
6 0.9141570000000001 0.39837 0.034023999999999964 0.011505999999999971
6 0.913962 0.38542699999999996 0.03676200000000005 0.012463999999999986
6 0.912202 0.37176400000000004 0.035588000000000085 0.01102599999999998
6 0.8179510000000001 0.559204 0.022292000000000024 0.03116000000000003
6 0.8052405 0.5570470000000001 0.02190100000000008 0.03259800000000004
6 0.7919435 0.5575265 0.021118999999999933 0.032599
6 0.16425499999999998 0.5484180000000001 0.020336 0.03163999999999998
6 0.08369185 0.548658 0.021900699999999995 0.03116000000000003
6 0.0964021 0.5491375 0.02150979999999999 0.03211900000000005
6 0.1069612 0.555609 0.022291600000000012 0.03163999999999998
6 0.1233865 0.548658 0.020726999999999985 0.03116000000000003
6 0.13433699999999998 0.553212 0.02072799999999999 0.030679999999999995
6 0.1499805 0.550096 0.020727000000000006 0.03116000000000003
6 0.1755965 0.552013 0.02111900000000002 0.03116000000000003
6 0.2809935 0.552253 0.01994500000000001 0.030679999999999995
6 0.189089 0.5512945 0.02151000000000001 0.03068100000000005
6 0.2027765 0.5505755000000001 0.021509 0.03211900000000005
6 0.21392249999999996 0.554171 0.021118999999999978 0.032597999999999946
6 0.225655 0.556088 0.021899999999999985 0.03163999999999998
6 0.23973399999999997 0.55465 0.021118000000000015 0.03163999999999998
6 0.25381299999999996 0.5524924999999999 0.021118000000000015 0.030201000000000013
6 0.0662886 0.5565675 0.022291799999999994 0.031639000000000014
6 0.8253815 0.5218119999999999 0.02072699999999994 0.02924199999999999
6 0.8126709999999999 0.5189355000000001 0.02111800000000006 0.030201000000000013
6 0.7987875000000001 0.5201344999999999 0.02150900000000009 0.03068100000000005
6 0.7870554999999999 0.5189355000000001 0.01994499999999997 0.030201000000000013
6 0.7733675 0.520374 0.02072700000000003 0.02924199999999999
6 0.760266 0.519655 0.02111799999999997 0.029722000000000026
6 0.74736 0.5189355000000001 0.020336 0.030201000000000013
6 0.7332810000000001 0.520374 0.02111799999999997 0.030201999999999972
6 0.720962 0.518696 0.021509999999999963 0.03163999999999998
6 0.707274 0.5210929999999999 0.02072799999999999 0.030679999999999995
6 0.695346 0.5182165000000001 0.02190000000000003 0.031639000000000014
6 0.680485 0.5194150000000001 0.02189999999999994 0.031159999999999945
6 0.6409855 0.5198945 0.02111900000000002 0.030201000000000013
6 0.6276889999999999 0.520374 0.020336 0.030201999999999972
6 0.614783 0.519175 0.020336 0.029722000000000026
6 0.602464 0.5184564999999999 0.021509999999999963 0.030201000000000013
6 0.267892 0.5517735 0.020336 0.031639000000000014
6 0.29409450000000004 0.552253 0.020337000000000004 0.03163999999999998
6 0.779038 0.5568075 0.020336 0.030201000000000013
6 0.67501 0.5548895 0.02111799999999997 0.030201000000000013
6 0.5819319999999999 0.5548895 0.02111799999999997 0.030201000000000013
6 0.594642 0.5563279999999999 0.02072799999999999 0.03116000000000003
6 0.6087210000000001 0.55489 0.02072799999999999 0.03116000000000003
6 0.622018 0.5556085 0.02072800000000008 0.03068099999999996
6 0.6482205000000001 0.555609 0.021509 0.03163999999999998
6 0.659171 0.560163 0.021509999999999963 0.032118
6 0.6863515 0.5606424999999999 0.021900999999999993 0.030201000000000013
6 0.306609 0.5524924999999999 0.019554000000000026 0.030201000000000013
6 0.7002345 0.558725 0.021509 0.03116000000000003
6 0.7127494999999999 0.5575265 0.021509 0.031639000000000014
6 0.7264375 0.557287 0.02072700000000003 0.03116000000000003
6 0.740125 0.5568075 0.021509999999999963 0.030201000000000013
6 0.7514665 0.5580054999999999 0.02072699999999994 0.03068099999999996
6 0.7651545000000001 0.5582455 0.02072700000000003 0.030201000000000013
6 0.5688305 0.556088 0.021509 0.03163999999999998
6 0.556316 0.5539310000000001 0.02072799999999999 0.031159999999999945
6 0.5428235 0.5560885 0.02033699999999996 0.03068100000000005
6 0.5287445 0.5570470000000001 0.021900999999999993 0.030679999999999995
6 0.515448 0.5565675000000001 0.020336 0.03068099999999996
6 0.502933 0.5551294999999999 0.020336 0.03068099999999996
6 0.4894405 0.555369 0.02072699999999994 0.031159999999999945
6 0.4755575 0.5572865 0.021900999999999993 0.03211899999999997
6 0.4624560000000001 0.5551294999999999 0.02072799999999999 0.03068099999999996
6 0.44974600000000003 0.55489 0.02111799999999997 0.03116000000000003
6 0.43742650000000005 0.553452 0.021509 0.031159999999999945
6 0.41161499999999995 0.553691 0.02072799999999999 0.029722000000000026
6 0.39792750000000005 0.5548895 0.020726999999999985 0.030201000000000013
6 0.3858035 0.552253 0.020726999999999985 0.030679999999999995
6 0.3723115 0.553691 0.02111900000000002 0.029722000000000026
6 0.35921000000000003 0.550575 0.019945999999999974 0.03116000000000003
6 0.317755 0.5558485 0.02151000000000001 0.030201000000000013
6 0.1802895 0.21093 0.031286999999999995 0.04985599999999999