7 0.727871 0.4441115 0.034837999999999966 0.021265
6 0.8930325 0.6191385 0.012129000000000011 0.005635000000000012
6 0.8205159999999999 0.7599055 0.008000000000000007 0.008361000000000018
6 0.7460644999999999 0.775445 0.012902999999999932 0.005998000000000036
10 0.16412949999999998 0.30243549999999997 0.004129000000000005 0.0036350000000000106
10 0.16554850000000002 0.309978 0.0043869999999999855 0.002726000000000006
10 0.1858065 0.015539800000000001 0.0030969999999999943 0.003453200000000001
10 0.1903225 0.01663035 0.003354999999999997 0.0034533000000000007
10 0.1696775 0.0421665 0.004902999999999991 0.0036349999999999993
10 0.19187099999999999 0.023446050000000003 0.005420000000000003 0.0025445000000000025
10 0.2010325 0.026172300000000003 0.004644999999999988 0.0025446000000000023
10 0.21070950000000002 0.029171250000000003 0.005418999999999974 0.0027262999999999983
10 0.180129 0.0239004 0.003611999999999993 0.003453200000000001
10 0.1824515 0.024627450000000002 0.0036130000000000216 0.0034533000000000038
10 0.183742 0.0269902 0.0030960000000000098 0.0030898000000000037
10 0.24116150000000003 0.02071975 0.005418999999999974 0.0029080999999999994
10 0.243871 0.0174482 0.005161999999999977 0.0029079999999999996
10 0.22103250000000002 0.0531625 0.003871000000000002 0.003816799999999998
10 0.1647745 0.054525599999999994 0.003871000000000002 0.0036349999999999993
10 0.1584515 0.06043259999999999 0.0036129999999999995 0.003089799999999998
10 0.1624515 0.05361685000000001 0.003354999999999997 0.0029081000000000024
10 0.20400000000000001 0.06506725 0.0028380000000000293 0.003271500000000005
10 0.2061935 0.06579425000000001 0.0030969999999999943 0.0029081000000000024
10 0.2125165 0.06697565 0.003354999999999997 0.0027263000000000035
10 0.2314835 0.187114 0.0030969999999999943 0.003089999999999993
6 0.8672255 0.6623045 0.010580999999999997 0.005088999999999988
6 0.716387 0.409215 0.006709999999999994 0.004180000000000028
10 0.24477449999999998 0.19574699999999998 0.003354999999999997 0.0032720000000000084
6 0.9181934999999999 0.22182849999999998 0.004129000000000005 0.004543000000000008
7 0.19961299999999998 0.7748999999999999 0.04671000000000001 0.02962600000000002
7 0.228903 0.7267355 0.04593600000000002 0.03035300000000003
7 0.26206450000000003 0.69711 0.04670899999999998 0.033988
7 0.40632250000000003 0.737732 0.03380700000000001 0.02617200000000004
7 0.36929 0.8309705000000001 0.039741999999999986 0.027988999999999997
7 0.5859354999999999 0.6137765 0.04825900000000001 0.029807000000000007
7 0.773806 0.4114865 0.048258000000000044 0.03126099999999998
7 0.8369035 0.342421 0.04541900000000006 0.029079999999999995
7 0.851097 0.3178845 0.04645200000000003 0.030170999999999993
7 0.6540644999999999 0.3088875 0.035870999999999945 0.029989
7 0.737806 0.203653 0.039741999999999944 0.02780800000000001
7 0.765548 0.15294449999999998 0.03948400000000003 0.027445000000000008
7 0.5219355 0.22182849999999998 0.04670899999999998 0.029989
7 0.7620644999999999 0.7579969999999999 0.04490299999999996 0.02889799999999996
7 0.819871 0.6903855 0.02942 0.018356999999999957
7 0.848774 0.642312 0.029936000000000008 0.018538000000000034
7 0.8771610000000001 0.594329 0.030452000000000014 0.023263999999999996
7 0.704 0.6975645 0.04748400000000004 0.029807000000000007
6 0.9255485 0.231461 0.011097000000000001 0.004180000000000028
6 0.9282579999999999 0.22410049999999998 0.006193999999999989 0.006179000000000023
6 0.924387 0.22273750000000003 0.006193999999999989 0.006361000000000017
6 0.9107095 0.221738 0.004129000000000005 0.005815999999999999
6 0.9140645 0.22264650000000002 0.004129000000000005 0.005453000000000019
10 0.23690350000000002 0.1907485 0.004644999999999966 0.003452999999999995
10 0.2419355 0.194747 0.0028389999999999917 0.003089999999999993
7 0.9143224999999999 0.5039075000000001 0.04232300000000002 0.029989000000000043
10 0.3870965 0.3456015 0.0030969999999999943 0.0034529999999999726
10 0.3843875 0.393766 0.003871000000000002 0.003454000000000024
10 0.3783225 0.35705200000000004 0.0030969999999999943 0.002726000000000006
10 0.37651650000000003 0.3346055 0.0030969999999999943 0.0025449999999999752
10 0.3856775 0.3824065 0.003354999999999997 0.003634999999999966
10 0.3785805 0.388586 0.0025809999999999887 0.002544000000000013
10 0.272258 0.5496185 0.0046460000000000164 0.003634999999999966
10 0.14129049999999999 0.628771 0.004902999999999991 0.002726000000000006
6 0.224258 0.6865685 0.0051620000000000225 0.0034530000000000173
6 0.2268385 0.684842 0.005161000000000015 0.0032719999999999416
6 0.2286455 0.6832969999999999 0.005161000000000015 0.003089999999999993
6 0.2510965 0.671301 0.00464500000000001 0.004544000000000015
6 0.2541935 0.6702104999999999 0.005677000000000021 0.0049069999999999505
6 0.260129 0.668393 0.005161999999999977 0.004544000000000015
6 0.2903225 0.6626685 0.0030969999999999943 0.005088999999999988
6 0.4112255 0.69811 0.005419000000000018 0.004726000000000052
6 0.583484 0.543348 0.006193999999999989 0.002726000000000006
6 0.584129 0.5411665 0.007484000000000002 0.0034530000000000173
6 0.585419 0.5390765 0.008000000000000007 0.003635000000000055
6 0.54271 0.6704835 0.00929000000000002 0.0021810000000000327
6 0.5429674999999999 0.69711 0.0025810000000000776 0.004180000000000028
10 0.2756125 0.27244650000000004 0.0036129999999999995 0.0036350000000000106
10 0.2852905 0.2774445 0.003871000000000002 0.0034530000000000173
10 0.283613 0.271265 0.0030959999999999877 0.0038160000000000416
10 0.3824515 0.357688 0.0020649999999999835 0.0025439999999999686
10 0.38787099999999997 0.36195900000000003 0.0025799999999999825 0.003089999999999993
6 0.3696775 0.3491455 0.003354999999999997 0.005089000000000033
10 0.387484 0.357234 0.002837999999999985 0.002726000000000006
10 0.16219350000000002 0.30598000000000003 0.0043869999999999855 0.003089999999999993
10 0.11174200000000001 0.335878 0.004645999999999995 0.002544000000000013
10 0.1251615 0.33515100000000003 0.005676999999999999 0.0029079999999999996
10 0.10077434999999998 0.341512 0.0038712999999999886 0.0018180000000000084
10 0.1054195 0.3403305 0.004903000000000013 0.002362999999999982
10 0.08219355 0.28471450000000004 0.0043871 0.0034529999999999726
10 0.0889032 0.2861685 0.0033548000000000024 0.0034530000000000173
10 0.013548399999999999 0.33515100000000003 0.0054194 0.002544000000000013
10 0.030322550000000004 0.32933500000000004 0.005935499999999999 0.0018179999999999642
10 0.07225805 0.304162 0.0036128999999999966 0.003089999999999993
10 0.3216775 0.49054850000000005 0.003871000000000002 0.003634999999999966
10 0.2770325 0.541894 0.004387000000000007 0.0034539999999999792
10 0.2903225 0.5458925 0.004129000000000005 0.0034530000000000173
10 0.2819355 0.546347 0.004902999999999968 0.00399799999999999
10 0.2612905 0.5587055 0.004903000000000013 0.003634999999999966
10 0.20464549999999998 0.577881 0.005161000000000015 0.002726000000000006
10 0.23741950000000003 0.571338 0.005160999999999971 0.002726000000000006
6 0.0507097 0.49273 0.0033547999999999968 0.004725999999999964
10 0.059225799999999995 0.4759175 0.002322600000000008 0.0034530000000000173
10 0.0580645 0.48382450000000005 0.0025805999999999997 0.003634999999999966
6 0.371484 0.3544165 0.002837999999999985 0.0032709999999999797
10 0.2997415 0.322519 0.004387000000000007 0.003089999999999993
10 0.3873545 0.377499 0.0030969999999999943 0.003271999999999986
7 0.1863225 0.8003454999999999 0.04696699999999998 0.02962499999999988