10 0.06221719999999999 0.8766635 0.047511399999999995 0.019447000000000082
6 0.3670815 0.7374615 0.10520300000000002 0.021494999999999997
6 0.368213 0.7958035 0.10746599999999998 0.02354099999999999
6 0.36651550000000005 0.8244624999999999 0.10859700000000001 0.025588999999999907
6 0.36481900000000006 0.8551690000000001 0.10520400000000003 0.025587999999999944
6 0.36368799999999996 0.8848514999999999 0.10520399999999994 0.02354099999999999
6 0.351244 0.9150459999999999 0.09615399999999999 0.026611999999999903
6 0.49830300000000005 0.2001025 0.11651600000000002 0.023540999999999968
6 0.5056559999999999 0.22466749999999996 0.09954799999999997 0.02558900000000004
6 0.48981899999999995 0.2819855 0.07918600000000006 0.025588999999999994
6 0.491516 0.310133 0.07805400000000003 0.022517999999999993
6 0.5164030000000001 0.3674515 0.07579199999999994 0.024565000000000038
6 0.486991 0.3945755 0.08257999999999992 0.02354099999999999
6 0.5113125000000001 0.42477 0.07692300000000003 0.022517999999999993
6 0.5124435 0.453429 0.07918500000000002 0.02661199999999999
6 0.4847285 0.4790175 0.07805499999999999 0.024565000000000038
6 0.502828 0.509724 0.08258000000000001 0.02661199999999999
6 0.494344 0.5399179999999999 0.08144799999999996 0.02763599999999995
6 0.4864255 0.5685775 0.06787299999999999 0.02354100000000008
6 0.4813345 0.596213 0.08257899999999996 0.023541999999999952
6 0.49604099999999995 0.62436 0.07805399999999993 0.02661199999999999
6 0.4779415 0.653531 0.08257899999999996 0.025587999999999944
6 0.5016965000000001 0.683214 0.07126700000000001 0.023541999999999952
6 0.49604099999999995 0.713408 0.07805399999999993 0.022517999999999993
6 0.4920815 0.7425795000000001 0.07692300000000003 0.025588999999999994
6 0.492647 0.7697035 0.07353000000000005 0.028658999999999945
6 0.49886850000000005 0.7978505 0.06787299999999999 0.02149499999999991
6 0.4802035 0.828557 0.07126699999999993 0.031729999999999946
6 0.4779415 0.8536339999999999 0.07126700000000001 0.026611999999999903
6 0.47737549999999995 0.883316 0.07013500000000006 0.026611999999999903
6 0.49038450000000006 0.9155580000000001 0.06900500000000002 0.021494000000000034
6 0.3670815 0.7656095 0.10520300000000002 0.024565000000000038
6 0.366516 0.7088025 0.10407200000000003 0.025589000000000084
10 0.0644796 0.7819855 0.0520362 0.02047099999999995
6 0.3687785 0.6791195 0.10633499999999999 0.025588999999999994
6 0.154977 0.27277399999999996 0.09276 0.02558799999999999
6 0.14819025 0.32958 0.0972855 0.022517999999999993
6 0.1578055 0.3607985 0.111991 0.02763500000000003
6 0.1606335 0.4769705 0.106335 0.024564999999999948
6 0.15950199999999998 0.506653 0.11312199999999999 0.02661199999999999
6 0.15271505 0.5358240000000001 0.11085989999999998 0.025588000000000034
6 0.1561085 0.5655065 0.10859700000000001 0.02354100000000008
6 0.15497725 0.5941660000000001 0.11085950000000003 0.023542000000000042
6 0.156109 0.626919 0.09276 0.025587999999999944
6 0.1464935 0.685261 0.09162899999999999 0.023542000000000042
6 0.14366505000000002 0.7154555 0.09275989999999999 0.024565000000000038
6 0.1391405 0.741556 0.095023 0.023541999999999952
6 0.1397057 0.77175 0.09162859999999999 0.022517999999999993
6 0.13574675 0.8014330000000001 0.0927605 0.022517999999999993
6 0.13574675 0.8280455 0.0723985 0.024565000000000125
6 0.1300903 0.8607984999999999 0.0701354 0.020471000000000038
6 0.13404975 0.887922 0.0690045 0.021493999999999857
6 0.13235315 0.9170929999999998 0.06787370000000001 0.022517999999999993
6 0.373303 0.20470800000000003 0.09954799999999997 0.022518000000000017
6 0.3727375 0.238997 0.10294099999999995 0.02558799999999999
6 0.3699095 0.3602865 0.10180900000000004 0.028659000000000035
6 0.37104099999999995 0.4140225 0.10407199999999998 0.027635000000000076
6 0.372172 0.44524050000000004 0.10407199999999994 0.024565000000000038
6 0.372172 0.474923 0.10180999999999996 0.022517999999999993
6 0.3710405 0.5307065 0.10859699999999997 0.029682999999999994
6 0.3727375 0.5634595 0.10520299999999994 0.021494999999999997
6 0.369344 0.5921185 0.10746599999999998 0.025588999999999994
6 0.36425349999999995 0.6212894999999999 0.10407299999999994 0.024565000000000038
6 0.370475 0.651996 0.10520399999999999 0.022517999999999993
6 0.6821265000000001 0.2799385 0.05656100000000004 0.021494999999999997
6 0.6809955000000001 0.31064499999999995 0.05882300000000003 0.021493999999999992
6 0.6798645000000001 0.3367455 0.05656100000000004 0.020470999999999996
6 0.675905 0.3674515 0.057692000000000035 0.020471000000000038
10 0.047511349999999994 0.016888420312500003 0.024886899999999997 0.031729759375
10 0.05882355 0.057318350000000004 0.0248869 0.0368475
10 0.161765 0.09826 0.05203600000000001 0.022518000000000017
10 0.232466 0.0941657 0.04638 0.020470600000000005
10 0.527715 0.0486182 0.03280599999999998 0.0460594
10 0.5723985 0.0537359 0.027149 0.041965199999999994
10 0.5927605 0.05475945 0.024887000000000013 0.0440123
10 0.61086 0.05373589999999999 0.02036200000000008 0.031729799999999996
10 0.6334845 0.0573183 0.024886999999999927 0.0388946
10 0.6623300000000001 0.04912999999999999 0.023755999999999933 0.0429888
10 0.711538 0.04964175 0.02036200000000008 0.03377689999999999
10 0.7726244999999999 0.054247699999999996 0.027149 0.0450358
10 0.5016965 0.147902 0.05090500000000002 0.021493999999999992
10 0.4417425 0.150461 0.05090500000000002 0.022517999999999993
10 0.341629 0.1555785 0.045248 0.020470999999999996
10 0.2901585 0.15916049999999998 0.05090499999999998 0.023541000000000013
10 0.238122 0.16274349999999999 0.053168000000000014 0.024564999999999993
10 0.0661765 0.31729799999999997 0.050905 0.022517999999999993
10 0.06843895 0.341863 0.04638010000000001 0.01637599999999999
10 0.0690045 0.375128 0.0497738 0.019448
10 0.0673077 0.399181 0.0486426 0.01842399999999995
10 0.0644796 0.421699 0.0520362 0.02047000000000008
10 0.06561085 0.44524050000000004 0.049773700000000004 0.018423000000000033
10 0.06052040000000001 0.5619245 0.06221720000000001 0.028659000000000035
10 0.06617645 0.640737 0.048642500000000005 0.022517999999999993
10 0.06504525 0.6888434999999999 0.04638010000000001 0.02047099999999995
10 0.06504525 0.6054245 0.044117699999999996 0.019446999999999992
10 0.061085999999999994 0.6693965000000001 0.04977379999999999 0.02047099999999995
10 0.05995475 0.7169905 0.05429869999999999 0.019447000000000082
6 0.8031675 0.9063459999999999 0.05882299999999994 0.052200000000000024
6 0.7992079999999999 0.8735925 0.05543000000000005 0.052201000000000164
6 0.7980769999999999 0.8382805000000001 0.057692000000000035 0.05527099999999994
6 0.6753389999999999 0.8730805 0.061085999999999974 0.024565000000000125
6 0.675905 0.3961105 0.05316799999999997 0.020470999999999996
6 0.6798645000000001 0.4257935 0.05656100000000004 0.020471000000000038
6 0.6753395 0.4559875 0.054298999999999965 0.019446999999999992
6 0.678733 0.48259950000000007 0.05882399999999999 0.019446999999999992
6 0.6753395 0.5097235 0.054298999999999965 0.02047099999999995
6 0.675905 0.5404294999999999 0.05542999999999996 0.02047099999999995
6 0.6719455 0.5685775 0.05882299999999994 0.025588999999999994
6 0.6736425 0.5987715 0.05995499999999998 0.024565000000000038
6 0.669683 0.625384 0.05882399999999999 0.022517999999999993
6 0.6781675 0.653531 0.057692999999999994 0.021494000000000034
6 0.669683 0.682702 0.061085999999999974 0.022517999999999993
6 0.6691174999999999 0.711873 0.057692999999999994 0.021494000000000034
6 0.6764705 0.8444220000000001 0.06334900000000002 0.022517999999999993
6 0.6725115 0.902252 0.05995499999999998 0.02558800000000012
6 0.8042985 0.7983625 0.05656099999999995 0.05117699999999994
6 0.6702484999999999 0.9303995 0.06221699999999997 0.024564999999999948
6 0.800905 0.33418650000000005 0.056562 0.050153000000000024
6 0.8042985 0.40174000000000004 0.05656099999999995 0.052200000000000024
6 0.802036 0.4406345 0.061085999999999974 0.04810700000000008
6 0.8014705 0.47697 0.057692999999999994 0.049129999999999986
6 0.8071265000000001 0.507165 0.05995500000000007 0.05015400000000003
6 0.8054300000000001 0.544524 0.06334800000000004 0.049129999999999986
6 0.8059955000000001 0.5818835 0.05995500000000007 0.05015300000000007
6 0.8071265000000001 0.6161715 0.05995500000000007 0.05117700000000003
6 0.8031675 0.6525074999999999 0.05882299999999994 0.05015299999999998
6 0.8088235000000001 0.6857725 0.05882300000000003 0.05117700000000003
6 0.8020365 0.7262025 0.05656099999999995 0.052201000000000074
6 0.8059954999999999 0.761003 0.05542899999999999 0.052200000000000024
6 0.15724 0.23950849999999999 0.09502199999999998 0.024564999999999993