10 0.9553805000000001 0.594737 0.017497000000000006 0.038056
6 0.18153999999999998 0.6344125 0.10761200000000001 0.020242999999999966
6 0.3377075 0.739676 0.022747000000000028 0.11579000000000006
6 0.31189849999999997 0.735628 0.021872999999999986 0.11417000000000002
6 0.286964 0.7336029999999999 0.019247999999999977 0.11498
6 0.261155 0.735628 0.02187199999999998 0.11417000000000002
6 0.176728 0.7765185000000001 0.08399000000000001 0.01943299999999999
6 0.172791 0.7340085000000001 0.10061200000000001 0.020242999999999966
6 0.1539805 0.708502 0.10498700000000001 0.02105199999999998
6 0.17804000000000003 0.6101215 0.11811 0.020242999999999966
6 0.386264 0.7364375 0.02187199999999998 0.11255100000000003
6 0.17804000000000003 0.586235 0.11811 0.017813999999999997
6 0.178915 0.5587044999999999 0.083114 0.017813000000000034
6 0.1841645 0.5327935 0.09361299999999999 0.021053000000000033
6 0.1811025 0.508097 0.10673700000000001 0.021861999999999958
6 0.196413 0.482996 0.10936200000000003 0.021861999999999958
6 0.1881015 0.45951450000000005 0.122485 0.020243000000000056
6 0.18153999999999998 0.4356275 0.10586200000000001 0.02267299999999999
6 0.36132949999999997 0.737247 0.022747000000000028 0.11578999999999998
6 0.40988600000000003 0.7380570000000001 0.02187199999999998 0.11416999999999992
6 0.7454069999999999 0.280567 0.09623800000000005 0.01862400000000002
6 0.6671039999999999 0.742105 0.02012200000000002 0.11417000000000002
10 0.7598425 0.2125505 0.04986899999999998 0.020242999999999966
10 0.7095365 0.2125505 0.036744999999999986 0.01862300000000001
6 0.750656 0.18178149999999998 0.09448800000000004 0.01862300000000001
6 0.754156 0.15263149999999998 0.09623800000000005 0.021862999999999987
6 0.7537185000000001 0.1251015 0.10761100000000008 0.02024300000000001
6 0.7292215000000001 0.09878525 0.15660500000000005 0.017813500000000017
6 0.5643045 0.4093115 0.10148700000000002 0.02672100000000004
6 0.643482 0.7412955 0.021872000000000023 0.115789
6 0.43219599999999997 0.7380570000000001 0.02274799999999999 0.11416999999999992
6 0.6211724999999999 0.740081 0.019246999999999924 0.11498
6 0.5975505 0.7412955 0.020997000000000023 0.11740899999999996
6 0.5542429999999999 0.740486 0.02012200000000002 0.11417000000000002
6 0.529309 0.7412955 0.020997999999999982 0.11740899999999996
6 0.5056865 0.7384615 0.022747000000000028 0.11821900000000003
6 0.4820645 0.7392715000000001 0.02799700000000005 0.11659899999999998
6 0.455818 0.7360325 0.02274799999999999 0.11821899999999994
6 0.2034125 0.41012149999999997 0.09536300000000002 0.020242999999999966