9 0.6122205000000001 0.529962 0.06309900000000006 0.00554199999999998
4 0.480032 0.533859 0.325878 0.0043300000000000335
9 0.5615015 0.4492554999999999 0.05271499999999998 0.004502999999999968
9 0.811901 0.2877555 0.083866 0.007446999999999981
9 0.8266775 0.28108750000000005 0.054312999999999965 0.0051950000000000164
9 0.7943290000000001 0.1536195 0.018369999999999997 0.007967000000000012
4 0.39337049999999996 0.6780395 0.288339 0.011085000000000012
4 0.42092650000000004 0.641583 0.268371 0.006754000000000015
4 0.495607 0.5026845 0.32667799999999997 0.004677000000000042
9 0.609824 0.5383614999999999 0.08865799999999995 0.005368999999999957
4 0.47683749999999997 0.45211299999999993 0.255591 0.006407999999999969
4 0.572284 0.38664699999999996 0.369808 0.0050219999999999935
4 0.63738 0.3360755 0.327476 0.026499000000000005
4 0.657348 0.3178905 0.32747600000000004 0.02060900000000001
4 0.6908945 0.2770175 0.311501 0.02060900000000001
4 0.7372205000000001 0.22627300000000003 0.22523900000000002 0.01125799999999999
9 0.534345 0.5294425 0.05750799999999998 0.004849000000000015
9 0.5251595 0.646259 0.045527000000000054 0.004329999999999945
9 0.501997 0.6763939999999999 0.07747599999999996 0.005021999999999948
9 0.48921749999999997 0.686006 0.09185300000000005 0.009351999999999982
4 0.36501599999999995 0.7090405000000001 0.23162999999999995 0.005543000000000031
9 0.45846649999999994 0.714236 0.07348299999999997 0.006928000000000001
4 0.37619800000000003 0.7365774999999999 0.29712400000000005 0.004502999999999968
9 0.3777955 0.739522 0.033546999999999993 0.003463999999999956
9 0.4732430000000001 0.7424665 0.11261999999999998 0.007967000000000012
4 0.3342655 0.771822 0.30431300000000006 0.006407999999999969
9 0.45766799999999996 0.7772775000000001 0.05271599999999994 0.005194999999999972
9 0.6202075 0.771389 0.04552699999999996 0.013856000000000002
4 0.360623 0.857291 0.21964799999999998 0.003810000000000002
9 0.45008 0.853481 0.042332000000000036 0.0041560000000000485
4 0.36381800000000003 0.92752 0.23881800000000003 0.013682000000000017
9 0.45127799999999996 0.9198129999999999 0.03833799999999998 0.004849999999999887
4 0.45407349999999996 0.5556805 0.272365 0.007101000000000024
4 0.7092655000000001 0.15881499999999998 0.20926499999999998 0.0034640000000000005