10 0.27538 0.69196 0.014848000000000017 0.020100000000000052
6 0.4160915 0.374372 0.06284499999999996 0.02512599999999998
6 0.53384 0.51005 0.04074600000000004 0.04522599999999999
6 0.5157115 0.5120604999999999 0.05835699999999999 0.06030100000000003
6 0.51174 0.526884 0.05939200000000007 0.06080400000000008
6 0.5043165000000001 0.539447 0.054903000000000014 0.05879399999999997
6 0.49948250000000005 0.551759 0.05904700000000007 0.06231200000000001
6 0.48912300000000003 0.5788945 0.061118000000000006 0.06331699999999998
6 0.4835979999999999 0.59196 0.05973800000000003 0.06331600000000001
6 0.486533 0.612814 0.04350800000000001 0.04572799999999999
6 0.471167 0.617839 0.05766600000000004 0.05879399999999997
6 0.46719600000000006 0.6319095 0.057319999999999996 0.059798999999999936
10 0.371029 0.5201005000000001 0.014158000000000026 0.017085000000000062
10 0.35894349999999997 0.536432 0.01553899999999997 0.01959800000000005
10 0.3375345 0.5829145 0.017610999999999998 0.022111000000000037
10 0.333391 0.5944725 0.017609999999999994 0.02110500000000002
10 0.333909 0.5075375 0.020718000000000014 0.013065000000000016
6 0.3608425 0.48241200000000006 0.06560699999999997 0.023116000000000005
6 0.37344600000000006 0.463819 0.06319000000000004 0.023116000000000005
6 0.379834 0.445477 0.05939199999999998 0.023618000000000007
6 0.39589100000000005 0.42512550000000005 0.06181000000000005 0.025124999999999974
6 0.3981355 0.4077885 0.060772999999999966 0.01859299999999999
6 0.4257595 0.356784 0.06008300000000002 0.022109999999999984
10 0.209945 0.6256280000000001 0.024862000000000006 0.031156000000000007
6 0.4376725 0.31281400000000004 0.06388100000000003 0.027638000000000006
6 0.5643990000000001 0.41155800000000003 0.05628400000000004 0.059296000000000015
6 0.5714779999999999 0.39849249999999997 0.055248000000000005 0.05829099999999996
6 0.585808 0.39598000000000005 0.03971 0.04321600000000001
6 0.587707 0.3791455 0.04074600000000004 0.04572900000000004
6 0.592369 0.365829 0.05628400000000004 0.06231200000000001
6 0.5944404999999999 0.34698450000000003 0.056975 0.061809
6 0.6018644999999999 0.335678 0.04005499999999999 0.04321600000000001
6 0.6155039999999999 0.329648 0.03902000000000001 0.04321600000000001
6 0.6189574999999999 0.3168345 0.056975 0.057789
6 0.631388 0.2909545 0.05973800000000003 0.065327
6 0.6306974999999999 0.272362 0.05628500000000001 0.06030199999999999
6 0.6410565 0.261809 0.05835699999999999 0.06130599999999999
6 0.6498619999999999 0.247487 0.057319999999999996 0.05879400000000001
6 0.6552144999999999 0.23216099999999998 0.056975 0.05527599999999997
6 0.6635015 0.21658300000000003 0.05904699999999998 0.05427200000000001
10 0.5694060000000001 0.0766332 0.021408000000000003 0.0366834
10 0.5022445 0.028392 0.019683000000000027 0.020602999999999996
10 0.5119130000000001 0.0329146 0.02175399999999996 0.0286432
6 0.47064900000000004 0.27060300000000004 0.04281800000000002 0.022614000000000002
10 0.279351 0.636181 0.011739999999999995 0.02613000000000003
6 0.304558 0.6042715 0.022789999999999998 0.09296499999999996
6 0.2960985 0.5404525 0.018301000000000033 0.03668299999999993
6 0.27538 0.5914575 0.032803999999999965 0.06231100000000005
6 0.2741715 0.41105549999999996 0.06008299999999998 0.046231
6 0.285739 0.382412 0.05973800000000003 0.041205999999999986
6 0.29091849999999997 0.367588 0.05973700000000002 0.04572800000000003
6 0.29920549999999996 0.3555275 0.061809 0.042713
6 0.26916450000000003 0.2600505 0.04109099999999999 0.08291500000000003
10 0.299551 0.21758800000000003 0.012085999999999996 0.021106000000000024
10 0.2819405 0.20100500000000002 0.01346700000000003 0.022110000000000008
6 0.24827349999999998 0.246231 0.03798300000000001 0.08241199999999997
6 0.2403315 0.23894500000000002 0.039365000000000004 0.08392
6 0.23031800000000002 0.23492449999999998 0.04074599999999999 0.083919
6 0.2223755 0.223367 0.04143699999999999 0.08392
6 0.18767300000000003 0.21206 0.04178200000000001 0.08643200000000002
6 0.07441299999999999 0.41381949999999995 0.032113199999999995 0.05778899999999996
6 0.0568025 0.3974875 0.029350800000000003 0.058291
6 0.050759700000000005 0.385427 0.033149200000000004 0.06030199999999999
6 0.04437155 0.3716085 0.030732100000000002 0.059799000000000026
6 0.1856005 0.10427154999999999 0.04316300000000002 0.08090490000000002
10 0.02002765 0.03417085 0.008287300000000001 0.0190955
10 0.0248619 0.05276385 0.0186464 0.0361809
6 0.268301 0.42437199999999997 0.05870199999999999 0.043718000000000055
6 0.1170582 0.37964849999999994 0.04005559999999999 0.08291499999999999
6 0.0980664 0.4437189999999999 0.0262432 0.04522599999999999
10 0.17973050000000002 0.488945 0.015538999999999992 0.02713599999999996
10 0.279351 0.5507540000000001 0.01312199999999999 0.025125999999999937
6 0.2641575 0.5849245 0.020026999999999972 0.03618100000000002
6 0.2567335 0.573618 0.038329000000000016 0.084924
6 0.247065 0.5668345 0.03971 0.07939700000000008
10 0.22479250000000003 0.5582914999999999 0.023480999999999995 0.04020099999999997
10 0.255525 0.5150755 0.01381199999999998 0.02110500000000002
10 0.2291095 0.49045249999999996 0.009323000000000015 0.022111000000000037
6 0.2020025 0.5248744999999999 0.04005499999999999 0.08291499999999993
6 0.16643650000000001 0.4896985 0.04005500000000002 0.08291500000000003
10 0.08598065 0.44020099999999995 0.0124309 0.02110599999999998
6 0.1581495 0.48291500000000004 0.04005500000000002 0.08040200000000004
6 0.1496895 0.4746230000000001 0.039019000000000005 0.08090400000000005
6 0.140366 0.4635680000000001 0.04109200000000002 0.08291399999999997
6 0.13242400000000001 0.4520099999999999 0.04040000000000001 0.08190999999999997
10 0.1167125 0.460553 0.02140900000000001 0.03567800000000006
10 0.1296615 0.43040199999999995 0.012776999999999993 0.02160800000000007
6 0.11550425 0.43643199999999993 0.039019499999999985 0.08190999999999997
10 0.113778 0.4082915 0.014848000000000017 0.025628999999999992
6 0.559047 0.42512550000000005 0.06008199999999997 0.05929700000000002
6 0.553695 0.4374375 0.05766600000000004 0.057789
6 0.555076 0.45854249999999996 0.041092 0.04572900000000004
6 0.8553175 0.5346735 0.042126999999999984 0.044221000000000024
6 0.0763121 0.9241205000000001 0.04765179999999999 0.04824099999999998
6 0.0707873 0.9341705000000001 0.0469614 0.04623100000000004
6 0.039192 0.5753769999999999 0.046616000000000005 0.04321600000000005
6 0.704938 0.8361809999999998 0.05973800000000003 0.05829199999999997
6 0.722721 0.7914575 0.05870199999999999 0.057287
10 0.7292820000000001 0.759548 0.024861999999999985 0.029647999999999987
6 0.7878105000000001 0.652261 0.061809000000000044 0.053265999999999994
6 0.797134 0.6253765 0.05766599999999995 0.057789
6 0.8042130000000001 0.6113065000000001 0.06146399999999987 0.06180899999999996
10 0.769855 0.6201005 0.014847999999999927 0.01809099999999999
6 0.721685 0.831658 0.04005600000000005 0.04321599999999996
6 0.7427485 0.7874375 0.042126999999999984 0.04221100000000009
6 0.7745165 0.713819 0.04281699999999997 0.04170800000000004
6 0.7900555 0.6886935 0.04212700000000007 0.03869300000000005
6 0.7922995 0.672362 0.045235000000000004 0.04321600000000005
6 0.8118089999999999 0.5947235 0.06146399999999996 0.055779000000000065
6 0.82942 0.5884425 0.04281800000000011 0.04623099999999995
10 0.8125 0.5535175000000001 0.015193999999999975 0.01859299999999999
6 0.8390885000000001 0.5613065 0.06215500000000009 0.06130699999999996
6 0.08857055 0.9173370000000001 0.047306899999999985 0.050753999999999876
10 0.08390885 0.8557790000000001 0.015193299999999998 0.02311600000000009
10 0.11015199999999999 0.7123115 0.018646000000000006 0.03366899999999999
6 0.034703 0.7462310000000001 0.0438536 0.047235999999999924
6 0.10428185000000001 0.913568 0.0366023 0.041206000000000034
6 0.047651900000000004 0.6932159999999999 0.0372928 0.041707999999999947
6 0.04540745 0.7070355 0.037638099999999994 0.042211
10 0.8851865 0.8605530000000001 0.01139499999999991 0.02160799999999998
10 0.136568 0.8417085 0.021754000000000006 0.026130999999999995
10 0.300932 0.23944749999999998 0.014847999999999972 0.022612999999999994
10 0.45044900000000004 0.33492449999999996 0.014848000000000017 0.012562999999999968
6 0.0830456 0.673869 0.009323199999999999 0.04321599999999996
6 0.0319405953125 0.759799 0.047306609374999996 0.05226199999999999
10 0.157631 0.7449745 0.014847999999999995 0.026632999999999997
6 0.047651900000000004 0.724372 0.054557999999999995 0.056783999999999946
6 0.07855665 0.7321605 0.021063500000000002 0.05226100000000002
6 0.125691 0.8879400000000001 0.04765200000000001 0.047236000000000014
6 0.1256905 0.867839 0.04696100000000001 0.047236000000000014
10 0.18007599999999999 0.8148245 0.01692 0.02261299999999995
10 0.23653300000000002 0.65402 0.02347999999999999 0.030653999999999914
10 0.1875 0.7743715 0.018645999999999986 0.03015100000000004
10 0.164883 0.7515075 0.014848000000000017 0.02462299999999997
6 0.8454765 0.5467335 0.06180899999999987 0.05929700000000002
6 0.853073 0.511558 0.05835599999999985 0.05829200000000005
6 0.5509325 0.47261299999999995 0.04040100000000004 0.04572799999999999
6 0.8687845 0.49120600000000003 0.025553000000000027 0.029647999999999987
6 0.687845 0.5434675 0.038673999999999965 0.04472300000000003
6 0.6866369999999999 0.5592965 0.04385399999999997 0.04623099999999995
6 0.6717885 0.5643214999999999 0.05904699999999998 0.062310999999999964
6 0.66799 0.5984925000000001 0.04454399999999996 0.04623099999999995
6 0.6621205 0.6123115 0.04109100000000003 0.04371900000000002
6 0.651934 0.6190955 0.038674000000000056 0.04321700000000002
6 0.6470995 0.633417 0.04005499999999999 0.043718000000000055
6 0.6372585 0.6424625 0.04109099999999995 0.04371900000000002
6 0.6372585 0.6597989999999999 0.04040099999999995 0.044221999999999984
6 0.6353595000000001 0.6751255 0.04419899999999997 0.04572899999999995
6 0.6305244999999999 0.68995 0.04005499999999999 0.04321599999999996
6 0.616195 0.696231 0.041782000000000076 0.044723999999999986
6 0.6134325 0.7113065000000001 0.04109100000000003 0.04371900000000002
6 0.603073 0.7386934999999999 0.04454399999999996 0.04623099999999995
6 0.5977210000000001 0.7507535 0.044890000000000006 0.04824099999999998
6 0.60808 0.7796480000000001 0.025552000000000064 0.029647999999999987
6 0.5842545 0.7582915 0.026243000000000016 0.031155000000000044
6 0.528315 0.4866835 0.058702000000000074 0.057789
10 0.5267609999999999 0.4663315 0.013465999999999933 0.017084999999999972
6 0.6980320000000001 0.5351760000000001 0.041781999999999986 0.04522599999999999
6 0.6919885 0.5103015 0.058010999999999945 0.058793000000000005
6 0.7175415 0.49598 0.042126999999999984 0.04522599999999999
6 0.781941 0.33793949999999995 0.03971 0.04371899999999997
6 0.881043 0.473869 0.03971 0.04522599999999999
10 0.869993 0.4376885 0.015538000000000097 0.019094999999999994
6 0.8934735 0.4391959999999999 0.04040099999999995 0.044221999999999984
6 0.9084945 0.41432150000000006 0.04558099999999996 0.04773900000000002
6 0.9116019999999999 0.3821605 0.05939199999999989 0.06582900000000005
6 0.7997235 0.28040200000000004 0.062845 0.065326
6 0.797652 0.31432150000000003 0.04143600000000003 0.04472300000000003
6 0.7928175 0.328643 0.04419899999999997 0.047235999999999966
6 0.778833 0.354271 0.041781999999999986 0.04522599999999999
6 0.734116 0.4753765 0.04143599999999994 0.04623099999999995
6 0.7717539999999999 0.3660805 0.04074599999999995 0.04472299999999998
6 0.7588055 0.371357 0.056975 0.059295999999999974
6 0.7626035 0.393216 0.04040099999999995 0.044723999999999986
6 0.7563885 0.40653249999999996 0.04316300000000002 0.046231
10 0.7223755 0.3907035 0.01864699999999999 0.02261300000000004
6 0.7408495 0.428643 0.060428999999999976 0.06231200000000001
6 0.7266920000000001 0.4326635 0.063882 0.065327
6 0.735497 0.45854300000000003 0.04143600000000003 0.044723999999999986
6 0.09375019999999999 0.1806535 0.025207599999999997 0.04773900000000002