10 0.780541 0.3600915 0.02487200000000005 0.03079900000000002
6 0.7029989999999999 0.3695935 0.07461599999999997 0.10747100000000001
6 0.546452 0.43709050000000005 0.07461599999999997 0.11009099999999998
6 0.564009 0.42824349999999994 0.07461599999999997 0.11074700000000001
6 0.5815655 0.42070799999999997 0.07315300000000002 0.11009199999999994
6 0.6002195 0.41612050000000006 0.06803300000000005 0.10484900000000001
6 0.6174105 0.41055 0.07022700000000004 0.10419400000000004
6 0.637893 0.40530799999999995 0.07754199999999996 0.10943599999999995
6 0.652524 0.393185 0.07754200000000004 0.110092
6 0.6697145 0.3859765 0.07534700000000001 0.10878100000000002
6 0.7183615 0.3594365 0.07607900000000001 0.10812500000000003
10 0.6609365 0.3407605 0.022676999999999926 0.02752300000000001
6 0.735187 0.35124500000000003 0.07461599999999997 0.10747000000000004
6 0.7896855 0.332241 0.07973700000000009 0.111402
6 0.8068764999999999 0.326016 0.07607899999999992 0.10812600000000003
6 0.82297 0.31454750000000004 0.08046800000000003 0.11271299999999998
6 0.877103 0.43905649999999996 0.07461599999999997 0.061599
6 0.820044 0.44462650000000004 0.09656199999999995 0.07667100000000007
6 0.8101685 0.461337 0.10753500000000002 0.08518999999999996
6 0.787125 0.4685455 0.10826599999999997 0.08650099999999998
6 0.5131675 0.451835 0.07534699999999991 0.10812599999999999
6 0.4948795 0.459371 0.07388500000000002 0.10747
6 0.47842 0.4701835 0.0673 0.10288299999999992
6 0.46342350000000004 0.4777195000000001 0.07388500000000002 0.10878100000000002
6 0.12435990000000001 0.338794 0.0585222 0.09043200000000003
6 0.137162 0.3263435 0.065106 0.100917
6 0.153621 0.315531 0.061448000000000016 0.09895199999999997
6 0.23957550000000002 0.27916100000000005 0.07242099999999999 0.110092
6 0.2571325 0.2703145 0.06803300000000001 0.10681500000000002
6 0.304682 0.24541300000000002 0.06217999999999999 0.09632999999999999
6 0.321141 0.23361700000000002 0.068764 0.10812599999999999
6 0.3405265 0.2277195 0.06656899999999996 0.10812500000000003
6 0.4027065 0.2201835 0.06656900000000002 0.100917
6 0.314923 0.55865 0.05925400000000001 0.08322400000000005
6 0.339429 0.5268675 0.077542 0.11009100000000008
6 0.3555235 0.518021 0.07607900000000001 0.11205800000000003
6 0.3705195 0.507536 0.06364300000000003 0.08846600000000002
6 0.3869785 0.498362 0.07315299999999998 0.109436
6 0.407096 0.498034 0.05925400000000001 0.09043200000000003
6 0.422092 0.48885950000000006 0.058522000000000005 0.09174300000000005
6 0.444404 0.48460000000000003 0.07388399999999998 0.10812600000000003
6 0.7633504999999999 0.4741155 0.110461 0.08453499999999999
6 0.6408194999999999 0.5229355 0.10972900000000001 0.08781099999999994
6 0.585589 0.550131 0.10753399999999998 0.085846
10 0.673372 0.7532764999999999 0.03145600000000002 0.022934999999999928
10 0.8924655000000001 0.9636305000000001 0.026335000000000088 0.03079900000000002
10 0.9590344999999999 0.984928 0.02926099999999998 0.02490199999999998
10 0.9480615 0.97346 0.02926099999999998 0.022935999999999977
10 0.929773 0.9891874999999999 0.03072400000000002 0.020314999999999906
10 0.41367950000000003 0.6975754999999999 0.028529000000000027 0.013760999999999957
10 0.750183 0.4911535000000001 0.02999200000000002 0.02555699999999996
10 0.727871 0.4731325 0.03072400000000002 0.024901000000000017
10 0.702268 0.455439 0.03072400000000002 0.026212000000000034
10 0.6869055 0.513434 0.033650999999999966 0.028177999999999946
10 0.627286 0.5363694999999999 0.032918 0.02686700000000002
10 0.445501 0.5796195 0.027798000000000034 0.025557000000000052
10 0.5065835 0.5553735 0.03877100000000002 0.03079899999999993
10 0.40087799999999996 0.2552425 0.024872000000000005 0.03079900000000002
10 0.355889 0.22182149999999998 0.025604000000000005 0.030798999999999976
10 0.294075 0.267038 0.02487199999999996 0.029488000000000004
10 0.23006599999999996 0.3053735 0.02706599999999999 0.03276500000000002
10 0.6587415 0.1520315 0.03291900000000005 0.03538699999999999
10 0.8463785000000001 0.958388 0.023409000000000013 0.028177999999999946
10 0.159839 0.895806 0.029991999999999998 0.023592000000000012
6 0.568398 0.5602885 0.10533999999999999 0.08256899999999998
10 0.16752 0.9266055 0.035114 0.02359100000000005
6 0.5160935 0.586828 0.10314500000000004 0.08322399999999996
6 0.49341650000000004 0.5930540000000001 0.10753500000000002 0.08518999999999996
6 0.4462325 0.623198 0.08778299999999994 0.07339400000000004
6 0.408193 0.641219 0.10241400000000005 0.08715600000000005
6 0.38515 0.6487550000000001 0.09583000000000004 0.08388
6 0.481346 0.7513105 0.12728599999999995 0.067497
10 0.5782735 0.21133649999999998 0.02999299999999998 0.02555700000000003
10 0.6122894999999999 0.178899 0.026334999999999997 0.028834000000000005
10 0.6576445 0.20543899999999998 0.032186999999999966 0.02031399999999999
10 0.650695 0.1900395 0.032918 0.022280999999999995
10 0.720556 0.162844 0.032188000000000015 0.02031400000000001
10 0.6550845000000001 0.30930549999999996 0.03291899999999996 0.023591000000000008
10 0.6697145 0.142202 0.024141000000000013 0.028834000000000005
10 0.682882 0.1349935 0.02413999999999996 0.028832999999999998
10 0.6982445 0.132372 0.024141000000000013 0.030143999999999994
9 0.1752015 0.5209699999999999 0.038771 0.022280000000000032
10 0.26078999999999997 0.669069 0.02706599999999999 0.034075999999999954
6 0.1016823 0.33813899999999997 0.0716894 0.110092