10 0.9868425000000001 0.18176450000000002 0.01973699999999994 0.013024999999999998
10 0.9292760000000001 0.23327400000000004 0.023025999999999946 0.013026000000000027
10 0.127467 0.2386025 0.023573999999999984 0.01184099999999999
10 0.1274675 0.250444 0.02467100000000002 0.013026000000000027
10 0.12362950000000002 0.2640615 0.023575000000000013 0.01184099999999999
10 0.12417799999999998 0.277087 0.02247800000000002 0.011841999999999997
10 0.1260965 0.2921845 0.026314999999999998 0.012433000000000005
10 0.118147 0.31024250000000003 0.025768000000000013 0.011841000000000036
10 0.0992323 0.28656 0.02631539999999999 0.011841999999999997
10 0.0964913 0.26939 0.033991400000000005 0.014209999999999967
10 0.1000548 0.2563645 0.027960399999999996 0.013024999999999976
10 0.10224775 0.24037899999999998 0.023574499999999998 0.011841999999999997
10 0.10032875 0.22587349999999998 0.02412249999999999 0.011248999999999976
10 0.10197365 0.20041450000000002 0.024122699999999997 0.012433000000000005
10 0.10060289999999998 0.1856125 0.02357419999999999 0.012433000000000005
10 0.10197389999999999 0.17051500000000003 0.02631619999999999 0.013026000000000005
10 0.10279615 0.1574895 0.025767700000000004 0.013024999999999998
10 0.10471515 0.11545299999999999 0.02521969999999999 0.013026000000000005
10 0.10389249999999998 0.10272339999999999 0.024671 0.012433199999999988
10 0.10444089999999999 0.08880995 0.031250200000000006 0.0165779
10 0.10581149999999999 0.0731202 0.024123000000000006 0.012433399999999994
10 0.10389249999999998 0.0595027 0.024671 0.012433399999999994
10 0.10690775 0.04588515 0.01973649999999999 0.010065099999999999
10 0.1058116 0.0319716 0.023026799999999993 0.009472999999999999
10 0.134594 0.01716995 0.022477999999999998 0.0118413
10 0.10855250000000001 0.01924215 0.02083299999999999 0.0112493
3 0.5274121 0.6409115 0.8662277999999999 0.47306099999999995
11 0.525493 0.6364715000000001 0.48190799999999995 0.298401
14 0.4838265 0.24985200000000002 0.055372999999999985 0.12078200000000001
14 0.4202305 0.24837199999999998 0.055372999999999985 0.12255799999999999
14 0.35553749999999995 0.24481899999999998 0.05646900000000001 0.12374199999999999
10 0.1282895 0.2255775 0.02302700000000002 0.013024999999999976
10 0.126371 0.213736 0.02247800000000002 0.011841999999999997
10 0.126645 0.2013025 0.021930000000000005 0.010657000000000005
10 0.9100875 0.0485494 0.01535100000000007 0.010657200000000006
10 0.908717 0.0340438 0.023573999999999984 0.011249199999999997
10 0.9073464999999998 0.1906455 0.015350999999999893 0.010657000000000005
10 0.8127739999999999 0.9550029999999999 0.023573999999999984 0.02605000000000004
10 0.5178179999999999 0.0876258 0.00932000000000004 0.016577799999999997
10 0.5748355 0.0390764 0.01918899999999999 0.027235000000000002
10 0.5183665 0.06808765 0.010417000000000076 0.0130255
10 0.5866225 0.03137955 0.02083300000000001 0.0260509
10 0.9161185 0.9576675 0.023027000000000086 0.026642999999999972
10 0.984375 0.258141 0.020286000000000116 0.011841999999999997
10 0.9893090000000001 0.1642985 0.016996000000000143 0.011248999999999999
10 0.9887609999999999 0.1302545 0.019187999999999938 0.010657000000000005
10 0.9111844999999998 0.133215 0.0120610000000001 0.01065799999999999
10 0.91091 0.10538750000000001 0.014801999999999893 0.009472999999999999
10 0.9070725 0.0633511 0.02576699999999992 0.013025399999999998
10 0.1302085 0.18738899999999997 0.029057 0.011250000000000005
10 0.745066 0.9532264999999999 0.023025999999999946 0.029603
10 0.6779054999999999 0.947306 0.025767000000000005 0.013025999999999982
10 0.725055 0.9552989999999999 0.022477999999999998 0.032563999999999996
10 0.130757 0.04144465 0.02247800000000002 0.011841299999999999
10 0.13294999999999998 0.0284192 0.022477999999999998 0.0106572
10 0.1307565 0.052101850000000005 0.024671 0.011841299999999999
10 0.1324015 0.0633511 0.023574999999999992 0.011841399999999992
10 0.1324015 0.089698 0.025767000000000005 0.012433399999999994
10 0.13157899999999997 0.10213140000000001 0.024121999999999998 0.011249200000000004
10 0.128838 0.11663699999999999 0.023026000000000012 0.011841999999999997
10 0.1304825 0.1400235 0.02302700000000002 0.011248999999999999
10 0.1291115 0.151273 0.020284999999999997 0.010065999999999997
10 0.1263705 0.17465950000000002 0.023575000000000013 0.010656999999999982
14 0.2908445 0.242747 0.05646899999999997 0.12196600000000002