6 0.7769055 0.9042795 0.08594900000000001 0.04279299999999999
6 0.4140505 0.7736485 0.11061300000000003 0.048423000000000015
6 0.45029900000000006 0.7010135 0.05007399999999995 0.06306300000000001
6 0.4693569999999999 0.708052 0.05381200000000001 0.063626
6 0.491779 0.709741 0.055306000000000036 0.064752
6 0.5097160000000001 0.715653 0.04932799999999995 0.05855800000000002
6 0.5287745 0.717905 0.06502300000000005 0.088964
6 0.2772795 0.682432 0.11360299999999998 0.052927999999999996
6 0.16890900000000003 0.634009 0.10612800000000003 0.06193600000000003
6 0.1322869 0.655124 0.0941702 0.056869999999999976
6 0.244021 0.7086145 0.10687600000000001 0.053491
6 0.5952915000000001 0.8350225 0.12032899999999999 0.052927000000000037
10 0.42638250000000005 0.657658 0.038117 0.03716200000000001
6 0.678625 0.8279845 0.11958199999999994 0.052364999999999995
6 0.7578474999999999 0.781813 0.11061299999999993 0.03885199999999998
6 0.7522425 0.7970155 0.11285500000000007 0.03885100000000001
6 0.7746635000000001 0.822072 0.11584500000000002 0.04166600000000002
6 0.7627055 0.8350225 0.10986500000000002 0.04279299999999999
10 0.8269805 0.8851355 0.050075 0.027027000000000002
6 0.6991775 0.7035475 0.11285499999999997 0.053491
6 0.6984305 0.6835585 0.11285500000000007 0.05180100000000003
6 0.684604 0.670045 0.10762399999999994 0.04954999999999998
6 0.43348250000000005 0.685811 0.05979099999999997 0.07545000000000002
6 0.3987295 0.6666665 0.06502299999999997 0.082207
10 0.9398354999999998 0.1872185 0.03213699999999999 0.02083300000000001
6 0.1778775 0.4515765 0.098655 0.06306300000000001
10 0.168909 0.2508445 0.022421999999999987 0.021959000000000017
10 0.22309450000000003 0.3417795 0.047085 0.030405000000000015
10 0.24028400000000003 0.333052 0.04857999999999998 0.026463999999999998
10 0.252616 0.322072 0.049328 0.023648000000000023
6 0.23654699999999998 0.375 0.09491799999999999 0.06193600000000003
6 0.2193575 0.3938625 0.10986500000000002 0.06587899999999998
6 0.19432 0.397804 0.06726400000000002 0.04222999999999999
10 0.190209 0.4180745 0.04858 0.03096899999999998
6 0.19133 0.438063 0.101644 0.06531599999999997
6 0.162556 0.4642455 0.10388599999999999 0.06587899999999998
6 0.379671 0.6542795 0.06875999999999997 0.07657699999999998
6 0.16106150000000002 0.5405405 0.09641300000000001 0.06306300000000001
6 0.17526150000000001 0.564189 0.073991 0.054054000000000005
6 0.2167415 0.5543355 0.083707 0.07488700000000001
6 0.2346785 0.5658785 0.07922300000000002 0.06869300000000003
10 0.2772795 0.554054 0.03587500000000001 0.030405999999999978
6 0.2784005 0.6089525 0.06651699999999998 0.05686900000000002
6 0.2922275 0.6235925 0.064275 0.05912100000000002
6 0.314649 0.633446 0.05381200000000001 0.05630600000000001
6 0.3426755 0.6348535 0.06950700000000003 0.07826500000000003
6 0.69432 0.6480859999999999 0.07922200000000004 0.03716200000000001
10 0.5904334999999999 0.5627815 0.026905000000000002 0.017455
10 0.606876 0.579392 0.026905999999999965 0.016891999999999997
10 0.6621825 0.125563 0.020927000000000008 0.022521999999999997
10 0.518311 0.276464 0.051569999999999984 0.028153999999999967
6 0.8987295 0.05123869999999999 0.07249700000000008 0.0608108
6 0.961136 0.054617099999999995 0.07324400000000005 0.0641892
6 0.9080714999999999 0.03997745 0.06875900000000001 0.0472973
10 0.9413305000000001 0.14639649999999998 0.027652999999999928 0.021397
6 0.9820625 0.11148670000000001 0.03288499999999992 0.037162600000000004
6 0.9637515000000001 0.02449325 0.027652999999999928 0.0140765
6 0.993647 0.02978493046875 0.012706000000000018 0.0179032609375
6 0.9906575 0.05855855 0.018684999999999972 0.028153099999999997
10 0.5130795 0.3507885 0.02017900000000008 0.02252299999999998
10 0.6169655000000001 0.5881195 0.027653000000000018 0.016328999999999993
6 0.5295215000000001 0.3454395 0.038117 0.036599000000000007
10 0.9544095 0.931588 0.03288499999999992 0.023085999999999985
10 0.865471 0.0768581 0.0298960000000001 0.018580999999999993
10 0.8920030000000001 0.1173985 0.029147999999999997 0.018581000000000004
10 0.924514 0.165541 0.02840000000000007 0.018018
10 0.8710760000000001 0.08727475 0.033632000000000065 0.02027030000000001
10 0.8856504999999999 0.1072635 0.02989499999999996 0.018581000000000004
10 0.911435 0.1438625 0.029147999999999997 0.016328999999999993
10 0.9312405 0.1759575 0.029895000000000137 0.01858099999999998
10 0.4958895 0.269144 0.044094999999999995 0.02252200000000002
10 0.4895365 0.25366 0.04783299999999997 0.026463999999999998
10 0.522795 0.2232545 0.02167399999999997 0.025337000000000033
10 0.46151 0.2756195 0.02466399999999993 0.023085000000000022
6 0.3707025 0.503378 0.07174899999999998 0.05518000000000001
6 0.3901345 0.4991555 0.06576900000000005 0.04898699999999998
10 0.382287 0.47466200000000003 0.027653999999999977 0.021396000000000016
6 0.4218985 0.481982 0.10986499999999996 0.08220799999999998
6 0.42787749999999997 0.466216 0.09491699999999996 0.070946
6 0.44805700000000004 0.458333 0.09192800000000005 0.06982
6 0.4312405 0.418919 0.04484300000000001 0.03491
6 0.4723470000000001 0.45270299999999997 0.04334800000000003 0.033783999999999995
10 0.5377430000000001 0.3848535 0.03961200000000007 0.02083300000000001
10 0.5568015 0.39470700000000003 0.025411000000000072 0.015765999999999992
10 0.5627805 0.40625 0.028400999999999944 0.017454000000000035
6 0.5818384999999999 0.4436935 0.044094999999999995 0.02477499999999999
10 0.584828 0.459178 0.03811599999999995 0.02195999999999998
6 0.383408 0.16723 0.06128599999999999 0.05630599999999999
6 0.3976085 0.19791699999999998 0.08071700000000001 0.07939199999999999
6 0.418161 0.205518 0.07997000000000001 0.08220799999999999
6 0.4499255 0.1945385 0.06726499999999999 0.070383
6 0.45328850000000004 0.21762399999999998 0.073991 0.08277000000000001
6 0.47159949999999995 0.2353605 0.08370699999999998 0.079955
10 0.214873 0.18862600000000002 0.02466400000000002 0.022521999999999997