10 0.3263815 0.522788 0.012458999999999998 0.023592000000000012
10 0.2036835 0.635925 0.03683700000000003 0.016086000000000045
6 0.2548755 0.7997315 0.03954499999999998 0.013404999999999934
6 0.39003249999999995 0.7206435 0.024919000000000004 0.070777
6 0.313922 0.7378015 0.025459999999999993 0.070777
10 0.28981599999999996 0.711796 0.015168000000000025 0.03914200000000001
6 0.2602925 0.744504 0.02654300000000003 0.08096600000000001
6 0.27600250000000004 0.7404824999999999 0.031960999999999996 0.090081
6 0.34859150000000005 0.718499 0.03954499999999998 0.09973200000000002
6 0.21505950000000001 0.4978555 0.016251000000000015 0.047720999999999944
6 0.3607805 0.286863 0.09209100000000006 0.03431600000000001
6 0.10942565 0.436461 0.0920907 0.03538800000000002
6 0.1286565 0.45549599999999996 0.053628999999999996 0.02198400000000005
6 0.118635 0.47908850000000003 0.094258 0.03163499999999999
6 0.11213410000000001 0.508043 0.0671718 0.027346000000000002
6 0.1113219 0.49437 0.0904662 0.031099999999999996
6 0.11619735 0.5235925 0.09588329999999999 0.032707
6 0.31013 0.788204 0.07096399999999999 0.03217199999999991
10 0.207205 0.650134 0.022209999999999997 0.01340400000000006
10 0.361051 0.380161 0.022210000000000018 0.012868000000000013
10 0.18039 0.5941015000000001 0.02383599999999999 0.008579000000000026
10 0.5834235 0.05335125 0.035752999999999965 0.023056299999999995
10 0.200704 0.22788199999999997 0.018960000000000022 0.015013999999999994
10 0.204496 0.2182305 0.022210000000000018 0.015012999999999988
10 0.18932849999999998 0.263539 0.027626999999999978 0.015549999999999998
10 0.277356 0.416622 0.022751999999999974 0.015014000000000038
10 0.25135399999999997 0.4099195 0.02708599999999999 0.01769499999999997
10 0.2321235 0.40428949999999997 0.020042999999999988 0.030027000000000026
10 0.223727 0.427614 0.013002000000000003 0.019839999999999948
10 0.207476 0.4008045 0.015167999999999982 0.024128999999999977
10 0.167389 0.3873995 0.008668000000000009 0.018767000000000023
10 0.14084500000000003 0.14664850000000001 0.016252 0.025201000000000008
10 0.0528169 0.1512065 0.015709599999999997 0.026808999999999993
6 0.33640299999999995 0.30107249999999997 0.046587999999999984 0.025200999999999984
10 0.3791985 0.310992 0.040087000000000025 0.022519999999999964
10 0.17849399999999999 0.6096515 0.023294000000000016 0.01072299999999995
6 0.1381363 0.561126 0.09425739999999999 0.015549999999999998
6 0.150596 0.577748 0.093174 0.014477999999999991
6 0.326923 0.7217155 0.028710000000000013 0.09651499999999995
6 0.374594 0.7126005 0.02654399999999999 0.091153
10 0.5774644999999999 0.5203749999999999 0.013000999999999952 0.03807000000000001
6 0.511647 0.5053620000000001 0.017875999999999958 0.07024199999999992
10 0.4485374999999999 0.49437 0.01733500000000001 0.03967799999999997
6 0.47372700000000006 0.508311 0.02004399999999995 0.07292200000000007
10 0.48672799999999994 0.4924935 0.012460000000000004 0.03699699999999995
10 0.49295799999999995 0.536729 0.015167999999999982 0.03860599999999996
6 0.5281689999999999 0.5155495 0.01950200000000004 0.095979
6 0.543337 0.513673 0.019501999999999953 0.09651399999999999
6 0.5579635 0.510724 0.01733500000000001 0.09383400000000001
6 0.5660890000000001 0.40616599999999997 0.02166800000000002 0.09597799999999998
6 0.5522755 0.407507 0.020042999999999988 0.09544199999999999
6 0.53792 0.4067025 0.019501999999999953 0.09276100000000001
6 0.5241065 0.4107235 0.021126999999999986 0.09651499999999999
6 0.4926865 0.40321750000000006 0.016793000000000013 0.09651500000000005
6 0.450975 0.4155495 0.014626000000000073 0.09651499999999999
10 0.45503799999999994 0.3509385 0.011918000000000007 0.020910999999999992
10 0.5763815 0.354692 0.014085000000000037 0.027346000000000002
6 0.645179 0.418767 0.018417999999999955 0.07185000000000001
10 0.524377 0.628686 0.013002000000000003 0.023056000000000056
6 0.1969125 0.7144775 0.047129 0.02520100000000003
6 0.20070449999999998 0.6844505 0.092633 0.03163499999999999
6 0.175244 0.6260055 0.09480000000000002 0.023056999999999928
10 0.0392741 0.5699730000000001 0.0157096 0.022520000000000005
10 0.10319615 0.7050940000000001 0.015709700000000014 0.022520000000000005
10 0.621885 0.624397 0.01950200000000004 0.010187999999999952
6 0.5501085 0.6949064999999999 0.02871100000000002 0.091153
6 0.6627845 0.42305650000000006 0.016793000000000013 0.06970499999999999
6 0.5278985 0.6876675000000001 0.036295000000000056 0.09490699999999999
6 0.5130015 0.696515 0.035752999999999965 0.09544199999999999
6 0.678765 0.6592494999999999 0.08992399999999998 0.015548999999999947
6 0.6963705 0.567024 0.027627000000000023 0.08847199999999997
10 0.736457 0.36675599999999997 0.017875999999999958 0.028954000000000014
10 0.676598 0.37319050000000004 0.014083999999999985 0.03753300000000004
6 0.6627845000000001 0.23190349999999998 0.10021700000000004 0.030562999999999986
6 0.6841820000000001 0.205362 0.09425800000000004 0.022520000000000005
6 0.7158725 0.1565685 0.09913300000000005 0.024664999999999982
10 0.2678765 0.133512 0.015708999999999973 0.025738000000000018
10 0.143012 0.35951750000000005 0.014084000000000008 0.020911000000000034
10 0.126219 0.324933 0.02383599999999999 0.03324400000000001
10 0.14192849999999999 0.32681 0.016250999999999995 0.023055999999999965
10 0.1053628 0.3214475 0.0211264 0.013404999999999978
10 0.10861345 0.3093835 0.0287111 0.018231000000000018
10 0.10807134999999998 0.29624649999999997 0.023293299999999996 0.01554899999999999
10 0.11728050000000001 0.2844505 0.030876999999999998 0.020910999999999992
10 0.1719935 0.3573725 0.02221099999999998 0.014477000000000028
10 0.1760565 0.34396750000000004 0.01950100000000001 0.014476999999999985
10 0.1795775 0.3270775 0.022211 0.013940999999999981
10 0.18336950000000002 0.3163535 0.022211 0.013940999999999981
10 0.18634849999999997 0.3056305 0.02058500000000001 0.013940999999999981
10 0.193391 0.275335 0.019501999999999974 0.011260000000000003
10 0.189599 0.28713099999999997 0.022751999999999994 0.016622000000000005
10 0.230769 0.118231 0.033586000000000026 0.021984000000000004
10 0.294962 0.372922 0.023294000000000016 0.021984000000000004
10 0.3510295 0.3238605 0.023835000000000005 0.013941000000000026
10 0.3071505 0.331367 0.02708499999999998 0.022520000000000005
10 0.3634885 0.3680965 0.02166900000000003 0.013405000000000023
10 0.33802849999999995 0.397319 0.024919000000000004 0.016085999999999955
10 0.3315275 0.407775 0.023835000000000005 0.015549999999999998
10 0.349675 0.34772100000000006 0.022210000000000018 0.011260000000000003
10 0.28277349999999996 0.401877 0.023835000000000005 0.016622000000000046
10 0.308234 0.31554950000000004 0.020585999999999993 0.018767000000000023
10 0.289003 0.381501 0.023294000000000016 0.02198399999999996
10 0.3672805 0.358713 0.020584999999999985 0.011796000000000006
10 0.3017335 0.341555 0.02275100000000001 0.020375999999999995
10 0.3596965 0.39142099999999996 0.021668999999999983 0.012867999999999968
10 0.3564465 0.4155495 0.023835000000000005 0.015012999999999988
10 0.351029 0.4254695 0.022752000000000015 0.01447699999999994
10 0.3396535 0.388204 0.024919000000000004 0.016086
10 0.342362 0.36863250000000003 0.022752000000000015 0.012333000000000016
10 0.3001085 0.352547 0.023835000000000005 0.01769400000000001
10 0.280065 0.1351205 0.015167999999999982 0.02359300000000002
10 0.29306599999999994 0.136193 0.017334000000000006 0.030025999999999997
6 0.7131635000000001 0.127882 0.09913299999999996 0.019840000000000014
10 0.311484 0.1353885 0.019502 0.029491
6 0.8545505 0.22654199999999997 0.05471299999999992 0.021984000000000004
6 0.8970749999999998 0.5284185 0.05200399999999998 0.095979
6 0.8626765000000001 0.13217150000000003 0.047128999999999976 0.013405
6 0.7321234999999999 0.110456 0.07421499999999996 0.016086
6 0.7567714999999999 0.0557641 0.016251000000000015 0.028954399999999998
6 0.742416 0.04477215 0.025459999999999993 0.05201070000000001
10 0.6882445 0.172386 0.021126999999999986 0.013403999999999994
6 0.7814194999999999 0.40026799999999996 0.036294999999999966 0.07024199999999996
10 0.701517 0.08659515 0.018418000000000045 0.0101877
6 0.71208 0.19008 0.07204800000000003 0.021984000000000004
6 0.7318524999999999 0.27426300000000003 0.07042299999999999 0.021984000000000004
6 0.716414 0.29115250000000004 0.049296000000000006 0.020374999999999987
6 0.7063919999999999 0.25495999999999996 0.06717199999999997 0.016622000000000005
10 0.6489705000000001 0.2474535 0.03900300000000003 0.019838999999999985
6 0.644908 0.2616625 0.06121400000000001 0.02573699999999999
6 0.8128385 0.2549595 0.03087699999999991 0.05308299999999999
6 0.8358615 0.3029495 0.03250299999999999 0.05254699999999999
6 0.853467 0.2627345 0.053630000000000067 0.023592999999999975
10 0.289545 0.01501341015625 0.013541999999999988 0.0171581796875
10 0.3122965 0.10643415 0.024377000000000003 0.016621700000000007
10 0.368093 0.01930293515625 0.017876000000000003 0.019302929687500005
10 0.3491335 0.0179624453125 0.016793000000000013 0.018766709374999996
10 0.335049 0.0160858 0.015710000000000023 0.0160858
10 0.3206935 0.01903485 0.01733500000000001 0.021983899999999997
10 0.3060675 0.01823055 0.01733499999999997 0.021447700000000004
10 0.276544 0.01394101015625 0.017876000000000003 0.016085779687500003
6 0.8675515 0.2788205 0.0547130000000001 0.026808999999999993
10 0.26002200000000003 0.010723860156249999 0.015168000000000025 0.0096514796875
10 0.0203142 0.403217 0.010292600000000002 0.01822999999999997
6 0.8935535 0.35415549999999996 0.055797000000000097 0.016620999999999997
6 0.8875945 0.34075099999999997 0.05471299999999992 0.016622000000000005
6 0.8773025000000001 0.308579 0.05362899999999993 0.027346000000000002
6 0.8713435 0.297051 0.05362899999999993 0.02573800000000004
6 0.434182 0.41608599999999996 0.016793999999999976 0.09866000000000001