10 0.22997450000000003 0.018903200000000002 0.017035 0.0103864
10 0.8202245000000001 0.1146655 0.007249000000000017 0.017449000000000003
10 0.8996014999999999 0.1316995 0.011599000000000003 0.01911099999999999
10 0.8740485 0.1231825 0.010510999999999982 0.018694999999999996
10 0.88311 0.1267135 0.012685999999999887 0.020772999999999996
10 0.8461399999999999 0.1140425 0.007611999999999952 0.019526999999999982
10 0.836716 0.1134195 0.006886000000000081 0.015786999999999995
10 0.8278365000000001 0.1154965 0.007249000000000017 0.01911100000000001
10 0.801196 0.112173 0.007611999999999952 0.016618
10 0.9840519999999999 0.4624015 0.009423999999999922 0.008309000000000033
10 0.8200435 0.09534705 0.006887000000000043 0.0170339
10 0.811345 0.09410065000000001 0.008335999999999899 0.019526699999999998
10 0.9035885 0.05110095 0.007249000000000017 0.015787299999999997
10 0.8936209999999999 0.04964685 0.0068859999999999035 0.018695499999999997
10 0.885647 0.0515164 0.007611999999999952 0.01828
10 0.8774915 0.0498546 0.007248999999999839 0.019111
10 0.9093875 0.10053985000000001 0.007972999999999963 0.020772299999999987
10 0.8919895 0.10074795 0.007249000000000017 0.01537210000000001
10 0.8655304999999999 0.09825515 0.007249000000000017 0.017033699999999995
10 0.9159115 0.1398005 0.011599000000000003 0.020357000000000004
10 0.963936 0.0982549 0.017759999999999998 0.008724200000000005
10 0.961943 0.109057 0.017398000000000025 0.008723999999999999
10 0.962849 0.11882000000000001 0.017759999999999998 0.007477999999999985
10 0.9182675 0.1005402 0.00761099999999999 0.023265599999999987
10 0.9097500000000001 0.1892395 0.012323999999999913 0.020357000000000004
10 0.901051 0.1865395 0.012323999999999913 0.01911099999999999
10 0.8925335000000001 0.18217699999999998 0.01413499999999992 0.020357999999999987
10 0.8774919999999999 0.1746985 0.011598000000000042 0.020357000000000004
10 0.8754985 0.09825515 0.006887000000000043 0.017033699999999995
10 0.8283799999999999 0.09597005 0.0068859999999999035 0.018279899999999995
10 0.837622 0.09389265 0.007974000000000103 0.0191107
10 0.8024644999999999 0.0943081 0.007249000000000017 0.016617800000000005
10 0.8109825 0.1123805 0.00761099999999999 0.01703300000000001
10 0.867887 0.050062300000000004 0.006886000000000081 0.017864599999999998
10 0.984777 0.452015 0.00869800000000005 0.0066480000000000315
10 0.8832915 0.09846265000000001 0.007249000000000017 0.017448700000000004
0 0.8552009999999999 0.2847945 0.21855799999999997 0.256335
10 0.9184485 0.03385955 0.015222999999999941 0.0054008999999999975
10 0.347952 0.0141255 0.014498000000000033 0.005816399999999999
10 0.3015585 0.01267136015625 0.013049 0.005400879687499999
10 0.232512 0.010386395312500001 0.014860000000000007 0.0058164093750000005
10 0.275281 0.0124636546875 0.01631 0.0066472906250000015
0 0.795941 0.628791 0.3559259999999999 0.41586999999999996
3 0.43258399999999997 0.500831 0.367162 0.7075199999999999
10 0.9867705000000001 0.442875 0.006160999999999995 0.0066480000000000315
11 0.43185900000000005 0.498546 0.24465399999999998 0.39800599999999997
14 0.2866985 0.7509349999999999 0.03624499999999999 0.08683000000000005
14 0.228887 0.7501035 0.03733200000000001 0.08599899999999998
14 0.1712575 0.7488575 0.035883 0.08599899999999998
14 0.23015599999999997 0.616327 0.035519999999999996 0.08682999999999996
14 0.1721635 0.6154965000000001 0.03624499999999999 0.08683100000000002
10 0.9646609999999999 0.0363523 0.014860000000000007 0.006231799999999998
10 0.9884014999999999 0.25322 0.01232299999999995 0.007894000000000023
10 0.9878579999999999 0.264229 0.012686000000000064 0.007477999999999962
10 0.9876764999999998 0.273577 0.012323000000000129 0.00706199999999999
10 0.9869520000000002 0.28313249999999995 0.013048000000000037 0.007062999999999997
10 0.9884014999999999 0.30141249999999997 0.00942299999999996 0.007062999999999997
10 0.9867705000000001 0.311799 0.012684999999999924 0.008723999999999999
10 0.988039 0.3219775 0.009423999999999922 0.005817000000000005
10 0.9864084999999999 0.33174099999999995 0.011960999999999977 0.00789399999999998
10 0.9864084999999999 0.3508515 0.010510999999999982 0.007062999999999997
10 0.9865894999999998 0.35895299999999997 0.010149000000000009 0.007478000000000007
10 0.9858644999999999 0.3672625 0.010872999999999956 0.008309000000000033
10 0.985502 0.37640250000000003 0.011598000000000042 0.008308999999999988
10 0.9858644999999999 0.38575 0.010149000000000009 0.008723999999999999
10 0.9858644999999999 0.39385149999999997 0.010149000000000009 0.006647000000000025
10 0.986046 0.40340699999999996 0.009786000000000072 0.007478000000000007
10 0.9851395000000001 0.412547 0.010873000000000133 0.009140000000000014
10 0.847046 0.09534675000000001 0.006524000000000108 0.01620250000000001
10 0.8999635000000001 0.09929385 0.007249000000000017 0.018280300000000006
10 0.2736495 0.021395949999999997 0.015222999999999987 0.0087245
10 0.8876405 0.9478605 0.010873000000000133 0.02534300000000016
10 0.36335649999999997 0.8631074999999999 0.017035 0.008724999999999917
10 0.3450525 0.8631074999999999 0.016672999999999983 0.008724999999999917
10 0.4905765000000001 0.9000830000000001 0.018484999999999994 0.009556000000000075
10 0.6556725 0.9036145000000001 0.017396999999999975 0.008309000000000033
10 0.7104025 0.873702 0.01739700000000006 0.009140000000000014
10 0.8794855 0.9455755 0.010510999999999982 0.020773000000000152
10 0.9006885 0.8797260000000001 0.016672999999999938 0.008723999999999954
10 0.2910475 0.146448 0.017396999999999975 0.010386000000000006
10 0.8628125000000001 0.8778560000000001 0.014860999999999968 0.009140000000000014
10 0.8479524999999999 0.8905274999999999 0.01703500000000009 0.010387000000000058
10 0.5485685 0.8695474999999998 0.017035 0.009970999999999997
10 0.5021745 0.8678854999999999 0.017035 0.009970999999999997
10 0.4659295 0.8664315 0.014860999999999968 0.008725000000000094
10 0.4488944999999999 0.8656005 0.017035 0.009554999999999935
10 0.296303 0.8616534999999999 0.017759999999999998 0.009970999999999997
10 0.22743750000000001 0.8595765 0.014860999999999968 0.008308999999999855
10 0.24411 0.859784 0.014860000000000007 0.007893999999999934
10 0.211127 0.1553805 0.014859999999999962 0.00830900000000001
10 0.335085 0.14167049999999998 0.015586000000000011 0.00830900000000001
10 0.3555635 0.1408395 0.016672999999999983 0.009970999999999997
10 0.379304 0.13834649999999998 0.017759999999999998 0.009970999999999997
10 0.962849 0.044661400000000004 0.01631 0.009555400000000002
10 0.9652049999999999 0.05546325 0.015948000000000028 0.008724500000000001
10 0.48459599999999997 0.8674695 0.015948000000000028 0.009970999999999997
10 0.17071399999999998 0.8591605000000001 0.017398000000000004 0.008309000000000033
10 0.057992049999999996 0.839842 0.0079739 0.018695999999999914
10 0.0317144 0.8707934999999999 0.0155854 0.008309000000000033
10 0.0514679 0.8714164999999999 0.0159478 0.009554999999999935
10 0.0650598 0.21084350000000002 0.007611400000000002 0.018694999999999996
10 0.0469373 0.0604487 0.006886599999999998 0.018695400000000008
10 0.30155849999999995 0.0220191 0.015947000000000024 0.009139999999999999
10 0.4546935 0.8876194999999999 0.015585000000000005 0.008724999999999917
10 0.16183399999999998 0.010594085156249999 0.017035999999999985 0.0095554296875
10 0.8921715000000001 0.12879100000000002 0.010510999999999982 0.018280000000000008
10 0.9472635 0.8815954999999999 0.01703499999999991 0.009970999999999997
10 0.8595504999999999 0.909431 0.014135000000000097 0.0074780000000000514
10 0.842697 0.8782719999999999 0.015948000000000028 0.009140000000000014
10 0.8263860000000001 0.8782719999999999 0.015948000000000028 0.009140000000000014
10 0.8811164999999999 0.879726 0.016672999999999938 0.009555999999999898
10 0.917361 0.88118 0.01594799999999985 0.009140000000000014
10 0.9650234999999998 0.8813875 0.014860999999999968 0.007892999999999973
10 0.92606 0.1963025 0.010874000000000095 0.017032999999999986
10 0.022834399999999998 0.4912755000000001 0.0173976 0.008725000000000005
10 0.9191735 0.1902785 0.011599000000000003 0.017449000000000003
10 0.8843785000000001 0.177399 0.01232299999999995 0.019941999999999994
10 0.869337 0.1715825 0.01123599999999989 0.017449000000000003
10 0.860819 0.167428 0.010873999999999917 0.016618
10 0.852845 0.16368900000000003 0.010873999999999917 0.016618
10 0.909206 0.1360615 0.012686000000000064 0.020357000000000004
10 0.787604 0.8770254999999999 0.017398000000000025 0.009970999999999997
10 0.7685755000000001 0.875779 0.014861000000000058 0.008309999999999994
10 0.674157 0.9023680000000001 0.015948000000000028 0.009140000000000014
10 0.586807 0.9160785 0.007974000000000014 0.01911100000000001
10 0.633563 0.9015374999999999 0.017398000000000025 0.009970999999999997
10 0.669989 0.873286 0.022109999999999984 0.010801999999999978
10 0.6476985 0.871832 0.015222999999999941 0.007893999999999934
10 0.628851 0.871624 0.015222000000000069 0.009139999999999837
10 0.6080099999999999 0.871209 0.017759999999999998 0.009140000000000014
10 0.5889815 0.8703784999999999 0.017396999999999975 0.009970999999999997
10 0.01413555 0.8722475 0.016672700000000002 0.008724999999999917
10 0.08408845000000001 0.8768174999999999 0.016672699999999995 0.022019000000000056
10 0.20768399999999998 0.8593685000000001 0.015947999999999983 0.008724999999999917
10 0.1910115 0.8583295 0.015222999999999987 0.008309000000000033
10 0.20569 0.894059 0.01776000000000002 0.010801999999999978
10 0.0413193 0.8907354999999999 0.0231968 0.01163299999999996
10 0.025734 0.6398005 0.007248999999999997 0.017448999999999958
14 0.173795 0.482343 0.03588199999999999 0.08641399999999999