6 0.9360420000000002 0.8442219999999999 0.016409999999999945 0.018698000000000013
4 0.602214 0.7856500000000001 0.002768000000000015 0.025456000000000055
4 0.6356265000000001 0.775287 0.0023729999999999585 0.016896000000000022
4 0.6580665 0.7648119999999999 0.0029650000000000175 0.019374000000000002
4 0.6737845 0.761883 0.0019769999999999397 0.022977999999999988
4 0.6870305 0.7613205 0.002767000000000053 0.019599000000000012
4 0.6921704999999999 0.7625595 0.0019770000000000286 0.022076999999999992
4 0.7146105 0.766389 0.002571000000000012 0.01757200000000001
4 0.735765 0.763235 0.0029660000000000684 0.022977999999999988
4 0.7423885 0.764699 0.0019770000000000286 0.022302
4 0.75603 0.764587 0.0023719999999999965 0.021175999999999993
4 0.772143 0.7544489999999999 0.002569999999999961 0.016219999999999946
4 0.7894425 0.7564770000000001 0.003559000000000001 0.026131999999999954
4 0.8073349999999999 0.774161 0.00296599999999998 0.015543999999999957
4 0.821965 0.7857625 0.00257000000000005 0.02523100000000005
4 0.8448990000000001 0.7931969999999999 0.00257000000000005 0.018022000000000114
4 0.8695135 0.7779904999999999 0.011862999999999957 0.011038999999999976
4 0.8596280000000001 0.7888040000000001 0.00948999999999991 0.015544000000000047
4 0.8784105 0.766389 0.010677000000000093 0.00766
4 0.8798935 0.7493805 0.015618999999999873 0.006532999999999944
4 0.884836 0.7366524999999999 0.013641999999999932 0.005407000000000028
4 0.9056940000000001 0.6847260000000001 0.013443999999999966 0.0042800000000000615
4 0.9088574999999999 0.6744760000000001 0.015817000000000015 0.003603999999999985
4 0.9131075 0.655328 0.023527000000000166 0.003603999999999985
4 0.918545 0.6397835 0.013443999999999966 0.0022529999999999716
4 0.921115 0.6106105 0.01304799999999986 0.003379000000000065
4 0.9220050000000001 0.602951 0.013246000000000003 0.0029279999999999974
4 0.916568 0.5915745 0.012257999999999925 0.002702999999999989
4 0.9205220000000001 0.5745665 0.012654000000000032 0.0029289999999999594
4 0.627521 0.7774275 0.002767999999999926 0.022076999999999992
4 0.5455715 0.824961 0.0029650000000000175 0.021175999999999993
4 0.9205220000000001 0.49256600000000006 0.012654000000000032 0.0038300000000000443
4 0.5754254999999999 0.8088535 0.010083000000000019 0.019598999999999922
4 0.1804075 0.5679204999999999 0.004547000000000012 0.012614999999999998
4 0.04329775 0.8960355 0.019375300000000005 0.006532999999999944
4 0.06109135 0.9174365000000002 0.012653300000000001 0.021401000000000003
4 0.1476865 0.909101 0.004744999999999999 0.018698000000000013
4 0.13394650000000002 0.9207029999999999 0.002175000000000016 0.012616000000000049
4 0.177244 0.8933319999999998 0.0037560000000000037 0.02004999999999999
4 0.159846 0.9008784999999999 0.0065240000000000185 0.020725000000000014
4 0.19978250000000003 0.8869115000000001 0.002175000000000016 0.011715000000000053
4 0.2077895 0.882068 0.0019769999999999844 0.018247999999999997
4 0.257414 0.8719304999999998 0.0035579999999999943 0.014193000000000034
4 0.2409055 0.8688894999999999 0.0029650000000000175 0.013517000000000046
4 0.28272050000000004 0.863145 0.0019769999999999844 0.012390000000000078
4 0.309905 0.8675374999999999 0.001780000000000026 0.018923000000000023
4 0.3215695 0.8675374999999999 0.002175000000000038 0.018473000000000007
4 0.3407475 0.8697904999999999 0.0033609999999999916 0.02297899999999995
4 0.35804650000000005 0.8686640000000001 0.0019769999999999844 0.024329999999999963
4 0.37584 0.8629200000000001 0.0043499999999999876 0.023653999999999974
4 0.3700075 0.8648345 0.0033610000000000363 0.010813000000000095
4 0.39175550000000003 0.853458 0.0033609999999999916 0.015993999999999887
4 0.40431 0.8436585000000001 0.0031639999999999446 0.014417000000000079
4 0.41785300000000003 0.83859 0.0037560000000000037 0.01734600000000004
4 0.4320875 0.8372385000000001 0.0021750000000000822 0.00968700000000009
4 0.4530445 0.8415185000000001 0.0029650000000000175 0.015995000000000027
4 0.467675 0.8423069999999999 0.0021740000000000314 0.014418000000000042
4 0.477758 0.8473755000000001 0.0029660000000000684 0.024104999999999953
4 0.49307999999999996 0.8487269999999999 0.005535999999999941 0.023653999999999974
4 0.5339065 0.8277764999999999 0.005733000000000032 0.018697000000000054
4 0.9147884999999999 0.5540665 0.02214299999999998 0.0033789999999999766
4 0.913108 0.509349 0.013641999999999932 0.004505999999999943
4 0.11377999999999999 0.6647890000000001 0.022736 0.008110000000000017
4 0.71896 0.331156 0.013245999999999914 0.003153999999999968
4 0.7208384999999999 0.3673125 0.010280999999999985 0.004280999999999979
4 0.7261765 0.3977245 0.011863000000000045 0.0029290000000000036
4 0.725287 0.405384 0.010874000000000005 0.0024779999999999802
4 0.722321 0.43129100000000004 0.010874000000000005 0.002028000000000052
4 0.7166859999999999 0.4574225 0.013443999999999966 0.004731000000000041
4 0.7145115 0.4917775000000001 0.013049 0.008560999999999996
4 0.6902925 0.543816 0.009687000000000001 0.019374000000000002
4 0.6508499999999999 0.5483215 0.0023719999999999965 0.022076999999999992
4 0.6331555 0.5467449999999999 0.007315000000000005 0.029286000000000013
4 0.605081 0.523316 0.009292000000000033 0.016220000000000033
4 0.594998 0.512278 0.008105999999999992 0.018021999999999937
4 0.584223 0.5068710000000001 0.007908000000000026 0.018022000000000028
4 0.5453735 0.501802 0.00454699999999999 0.019148000000000033
4 0.5637605000000001 0.49436850000000004 0.004943000000000008 0.017797000000000018
4 0.5164095 0.492791 0.006327000000000016 0.024103999999999993
4 0.5023725000000001 0.478148 0.003559000000000001 0.02725799999999996
4 0.475583 0.472967 0.005734000000000084 0.020050000000000078
4 0.46006300000000006 0.47634600000000005 0.005140000000000011 0.020950000000000024
4 0.448695 0.47476900000000005 0.004941999999999958 0.013741999999999966
4 0.434559 0.48265399999999997 0.003953999999999969 0.01238999999999999
4 0.42002749999999994 0.497635 0.004943000000000008 0.013066000000000067
4 0.328786 0.519599 0.010279999999999978 0.019148000000000033
4 0.317517 0.527709 0.00909399999999998 0.017345999999999952
4 0.302689 0.541113 0.010675999999999996 0.019374000000000002
4 0.2868725 0.5480965 0.010280999999999985 0.021626999999999973
4 0.26917749999999996 0.560036 0.010478999999999994 0.023428000000000004
4 0.130585 0.6571300000000001 0.04053 0.030637999999999988
4 0.7213325 0.30615 0.011664999999999991 0.004956000000000005
4 0.7320085000000001 0.272584 0.014036999999999989 0.0067579999999999975
4 0.921807 0.481077 0.012456000000000068 0.0038300000000000443
4 0.74308 0.24746549999999998 0.01364200000000002 0.007885000000000008
4 0.9138985 0.5313135 0.02234100000000012 0.004730999999999952
4 0.9258599999999999 0.454832 0.01107200000000006 0.003154000000000057
4 0.9253655000000001 0.3887135 0.020758999999999972 0.008334999999999981
4 0.9276389999999999 0.41157900000000003 0.018979999999999997 0.0063080000000000245
4 0.9252665 0.4488625 0.014235000000000043 0.0033789999999999766
4 0.925662 0.425659 0.01067600000000013 0.0029279999999999974
4 0.9323840000000001 0.2928585 0.01463000000000001 0.005407000000000028
4 0.931198 0.25343499999999997 0.01107200000000006 0.004956000000000005
4 0.9343615 0.2765265 0.011071000000000098 0.0065329999999999885
9 0.926849 0.230232 0.002768000000000015 0.007208000000000015
4 0.934658 0.230795 0.01403800000000004 0.004279999999999973
4 0.9347570000000001 0.20184700000000003 0.015026000000000117 0.009462000000000016
4 0.9362394999999999 0.217504 0.00968700000000009 0.0024779999999999802
4 0.9459275 0.1694075 0.01799099999999996 0.011262999999999978
4 0.943456 0.1395585 0.022934000000000055 0.019148999999999992
4 0.9367335000000001 0.1175945 0.014235000000000043 0.012165000000000004
4 0.911823 0.10678075000000001 0.019769999999999933 0.0265825
4 0.8805855000000001 0.0957425 0.015421000000000084 0.031538999999999984
4 0.8616054999999999 0.09326415 0.017792999999999993 0.02928569999999999
4 0.831653 0.0788466 0.003755999999999915 0.019373799999999997
4 0.8024910000000001 0.111399 0.015815999999999962 0.022302
4 0.778272 0.11646749999999999 0.009687999999999964 0.01667099999999999
4 0.7700670000000001 0.126267 0.013839999999999986 0.01374200000000001
4 0.7649269999999999 0.1358415 0.01462999999999992 0.017571000000000003
4 0.7584025000000001 0.1581435 0.019770999999999983 0.015318999999999994
4 0.756327 0.1659155 0.01759599999999999 0.014643000000000007
4 0.7463425 0.21209699999999998 0.015817000000000015 0.010587999999999997
4 0.16735850000000002 0.5851545 0.0029649999999999954 0.021401000000000003