10 0.5735189999999999 0.019480550000000003 0.013239999999999964 0.0105133
10 0.4310105 0.03772415 0.022298999999999937 0.009894900000000002
14 0.184321 0.08426095 0.035540000000000016 0.0621521
14 0.23397199999999999 0.0853434 0.03519200000000002 0.0618432
14 0.13188149999999998 0.1760975 0.03379700000000001 0.06091500000000001
14 0.1813585 0.17779850000000003 0.034494999999999984 0.06246099999999999
14 0.2311845 0.178726 0.035191000000000014 0.061841999999999994
11 0.700871 0.6246135 0.26794400000000007 0.14904099999999998
3 0.8090595 0.30612255 0.25435500000000005 0.47062489999999996
11 0.8078395 0.305504 0.18013899999999997 0.26159599999999994
0 0.23223000000000002 0.363791 0.18501800000000002 0.158008
0 0.7869339999999999 0.8252940000000001 0.23240399999999992 0.213976
0 0.4189895 0.790971 0.32160299999999997 0.273964
10 0.5165504999999999 0.11209 0.00801299999999996 0.01329600000000002
10 0.5296165 0.1317255 0.007664999999999989 0.013605
10 0.5238675 0.07931355 0.007317000000000018 0.014533099999999998
10 0.4109755 0.22680899999999998 0.008711000000000002 0.01515200000000001
10 0.4277005 0.2286645 0.010105000000000076 0.017006999999999994
10 0.44686450000000005 0.2244895 0.017072999999999984 0.007420999999999988
10 0.428223 0.255411 0.01533199999999999 0.0061840000000000115
10 0.429094 0.2611315 0.014286000000000066 0.006492999999999994
10 0.413066 0.2552565 0.01637599999999999 0.007730999999999977
10 0.383798 0.25463800000000003 0.014982000000000006 0.006494
10 0.3827525 0.262059 0.015679 0.007111999999999963
10 0.1235195 0.8184910000000001 0.008711000000000002 0.013606000000000052
10 0.1229965 0.7911255 0.008362999999999987 0.013914999999999988
10 0.05 0.7461344999999999 0.015679400000000003 0.006802999999999937
14 0.1343205 0.0825604 0.03588900000000002 0.0618432