6 0.603191 0.09671745000000001 0.027766000000000002 0.005861700000000003
7 0.456071 0.9337630000000001 0.10401999999999996 0.05431800000000013
7 0.177994 0.242087 0.09241600000000001 0.04611199999999997
7 0.1742645 0.291227 0.094073 0.043962000000000015
7 0.1636965 0.40103550000000004 0.10277700000000001 0.04552500000000004
7 0.14732715000000002 0.4605315 0.0957317 0.04611099999999997
7 0.1556155 0.5098675 0.10319099999999999 0.044353
7 0.14214655 0.5693630000000001 0.1052629 0.04493999999999998
7 0.14048915 0.618992 0.11935370000000001 0.04845600000000001
7 0.12287599999999999 0.676925 0.123912 0.05373200000000002
7 0.12929975 0.7394489999999999 0.10443449999999999 0.04435399999999996
7 0.12536255000000002 0.796796 0.1247409 0.051191999999999994
7 0.12639865 0.867624 0.1185247 0.04982399999999991
7 0.10733515 0.9281945 0.11189369999999998 0.055294999999999914
7 0.22440949999999998 0.9298555000000001 0.11147899999999997 0.05744500000000006
7 0.334438 0.9209655 0.07459600000000002 0.03614700000000006
7 0.5714875 0.9326885 0.10277700000000003 0.055684999999999894
6 0.4258185 0.114693 0.03191100000000002 0.012896000000000019
7 0.6875255 0.937476 0.10526300000000006 0.05627199999999988
7 0.8060504999999999 0.935717 0.10443499999999997 0.05588200000000008
7 0.8470785 0.8222940000000001 0.10526299999999997 0.056076000000000015
7 0.4915045 0.8142825 0.10443499999999997 0.055295000000000004
7 0.37443 0.8116455 0.10567799999999998 0.05588100000000011
7 0.5955245 0.6766314999999999 0.07791100000000002 0.04142299999999999
7 0.490261 0.6778035 0.07708200000000005 0.03985900000000005
7 0.537091 0.559789 0.110236 0.05705400000000003
7 0.6537505 0.5618405 0.10982099999999999 0.057638999999999996
7 0.39618699999999996 0.5593005 0.12183999999999999 0.04982499999999997
7 0.40571900000000005 0.3796405 0.12018200000000001 0.047674999999999954
7 0.6203894999999999 0.06965600000000001 0.138417 0.06193800000000001
7 0.44426000000000004 0.05275495 0.009945999999999965 0.008597100000000002
7 0.653543 0.2126805 0.09448799999999995 0.047089000000000006
7 0.17840850000000003 0.10736615000000001 0.138003 0.0717077