4 0.13750849999999998 0.5922945000000001 0.042479 0.008779000000000004
4 0.5449965000000001 0.09119740000000001 0.0035029999999999896 0.02340920000000001
4 0.22585899999999998 0.3033405 0.005912000000000006 0.022921000000000014
4 0.25104 0.311875 0.010729999999999995 0.042428
4 0.2741405 0.2828575 0.007882999999999996 0.017069
4 0.31749550000000004 0.24494 0.006569000000000003 0.011947999999999981
4 0.3726735 0.19580599999999998 0.0030650000000000065 0.011703999999999982
4 0.38723450000000004 0.18397950000000002 0.008101000000000002 0.01097300000000001
4 0.40267099999999995 0.16630050000000002 0.010509999999999974 0.017069
4 0.43343550000000003 0.12265299999999998 0.00678700000000001 0.017556000000000016
4 0.45358 0.10375509999999999 0.006349999999999944 0.0187758
4 0.4735055 0.09570855 0.002847000000000044 0.017800899999999998
4 0.5090870000000001 0.0968054 0.003066000000000013 0.016093199999999985
4 0.7226845 0.12192150000000002 0.00547500000000003 0.020483000000000008
4 0.116926 0.659351 0.0254 0.012680000000000025
4 0.7888109999999999 0.4385515 0.014670000000000006 0.020239000000000028
4 0.53164 0.8162645000000002 0.04423000000000003 0.027067000000000084
4 0.521458 0.8595465000000001 0.016422000000000027 0.012679000000000152
4 0.18064399999999997 0.7233605 0.025838000000000007 0.023165000000000012
4 0.2184145 0.771641 0.011605000000000042 0.01438600000000001
4 0.24797450000000004 0.7944405 0.009852999999999978 0.010728999999999989
4 0.1946575 0.746647 0.01401300000000003 0.012192000000000026
4 0.156339 0.694343 0.032406000000000004 0.031944000000000014
4 0.14440550000000002 0.6905635 0.027371000000000013 0.023409000000000013
4 0.127983 0.6837355 0.018174000000000003 0.016092999999999958
4 0.1167065 0.6703245000000001 0.018830999999999997 0.01024099999999999
4 0.2058245 0.31906850000000003 0.015765000000000008 0.030969000000000024