10 0.4038265 0.467549 0.009882999999999998 0.007193999999999967
10 0.1971615 0.6932495000000001 0.010136999999999997 0.006123000000000012
10 0.0791941 0.6903414999999999 0.00988340000000001 0.006428999999999974
10 0.088444 0.6747285 0.010136799999999991 0.006428999999999974
10 0.09959465 0.681387 0.011150700000000013 0.006888000000000005
10 0.081855 0.6698299999999999 0.009630000000000005 0.005815999999999999
10 0.1118855 0.657967 0.010390999999999994 0.0062759999999999925
10 0.1338065 0.6597275 0.008617000000000008 0.005510999999999999
10 0.123036 0.655671 0.010898000000000008 0.006888000000000005
10 0.173087 0.6791674999999999 0.008616000000000002 0.005510999999999999
10 0.176508 0.6819225 0.009376000000000006 0.006123000000000012
10 0.2226305 0.686744 0.010390999999999994 0.006888000000000005
10 0.1863915 0.6664625 0.009882999999999998 0.006428999999999974
10 0.1080845 0.613654 0.00836300000000001 0.005509999999999948
10 0.20223 0.675417 0.013178 0.00811200000000003
10 0.22731849999999998 0.678861 0.009122999999999992 0.005815999999999999
10 0.2200965 0.6743460000000001 0.009377000000000014 0.0062759999999999925
10 0.204764 0.6648555 0.012163999999999998 0.007501000000000068
10 0.16649750000000002 0.6461045000000001 0.010136999999999997 0.006123000000000012
10 0.162063 0.643196 0.009884000000000004 0.006122000000000049
10 0.146731 0.64488 0.012163999999999998 0.00765400000000005
10 0.1377345 0.6294964999999999 0.012416999999999989 0.007195000000000018
10 0.1245565 0.6229905 0.010897 0.006735000000000024
10 0.12075499999999999 0.620312 0.011403999999999992 0.007193999999999967
10 0.05955395 0.6790145000000001 0.010643699999999989 0.006735000000000024
10 0.04865685 0.6725855 0.011150500000000008 0.006735000000000024
10 0.123036 0.6661564999999999 0.01039000000000001 0.006429000000000062
10 0.10238194999999999 0.671284 0.011150099999999996 0.006888000000000005
10 0.2266855 0.689423 0.010897000000000023 0.0070419999999999485
10 0.194247 0.6707485 0.011403999999999992 0.007347000000000037
10 0.18233649999999998 0.6640135 0.010391000000000017 0.006428999999999974
10 0.17777500000000002 0.6620235 0.01039000000000001 0.006428999999999974
10 0.1735935 0.6598040000000001 0.009122999999999992 0.00566399999999998
10 0.16852550000000002 0.620389 0.010136999999999997 0.004897999999999935
10 0.1657375 0.6176335 0.01267100000000001 0.006428999999999974
10 0.160289 0.6151845 0.009884000000000004 0.005205000000000038
10 0.1561075 0.6125054999999999 0.011151 0.005356999999999968
10 0.0430816 0.6481709999999999 0.009123200000000003 0.0062759999999999925
10 0.05803345 0.647865 0.010136900000000004 0.006888000000000005
10 0.1109985 0.6482475 0.015712999999999998 0.010408999999999936
10 0.11505299999999999 0.6515380000000001 0.009630000000000005 0.0062759999999999925
10 0.0922453 0.6966175 0.009123199999999998 0.006123000000000012
10 0.04624935 0.7017450000000001 0.010390300000000002 0.005970000000000031
10 0.0299037 0.6621 0.010136800000000001 0.006887999999999917
10 0.040674100000000005 0.668682 0.009883400000000004 0.005969999999999942
10 0.09313229999999999 0.676948 0.009883399999999997 0.006581999999999954
10 0.0685504 0.68353 0.00988340000000001 0.0062759999999999925
10 0.056132800000000004 0.6772539999999999 0.007856000000000007 0.005051999999999968
10 0.0851495 0.672356 0.009630000000000005 0.005969999999999942
10 0.113913 0.6150315 0.011404000000000015 0.007958999999999961
10 0.10364915 0.611128 0.009629700000000008 0.0065820000000000435
10 0.1809425 0.684448 0.011151 0.007193999999999967
7 0.6739735 0.732512 0.10111499999999998 0.059238000000000034
6 0.5239485 0.9579825 0.016978999999999987 0.00994899999999994
6 0.20362400000000003 0.589928 0.030664000000000025 0.011940000000000062
6 0.1732135 0.556406 0.015459 0.010408000000000061
6 0.16801850000000002 0.5481405 0.02128700000000001 0.01561300000000001
6 0.1397615 0.51722 0.02154100000000001 0.017144000000000048
7 0.9567914999999999 0.05740085 0.026102999999999987 0.015306899999999995
7 0.9304359999999999 0.023343 0.03066399999999998 0.016378399999999998
7 0.9600860000000001 0.04844634999999999 0.028636000000000016 0.016990699999999997
7 0.5466295000000001 0.5857955 0.10440899999999997 0.059085000000000054
7 0.6316525000000001 0.6837595000000001 0.10618299999999996 0.06000299999999994
7 0.7702735 0.8254249999999999 0.10618300000000006 0.059238000000000034
10 0.03307145 0.61197 0.010390300000000002 0.006735999999999987
7 0.863406 0.9289760000000001 0.10593000000000004 0.059389999999999964
7 0.46464800000000006 0.7764424999999999 0.09706000000000001 0.05801299999999996
7 0.4230865 0.727384 0.09858099999999999 0.05816599999999994
7 0.380512 0.6805450000000001 0.09655399999999999 0.057553999999999925
7 0.25380149999999996 0.5365070000000001 0.09959500000000002 0.059084000000000005
7 0.21464750000000002 0.49204050000000005 0.100355 0.05862500000000006
7 0.14343599999999998 0.42438400000000004 0.08413600000000002 0.042706
7 0.3750635 0.392469 0.10491700000000001 0.059084000000000005
7 0.3199445 0.328333 0.178155 0.098576
7 0.165864 0.175647 0.12696400000000002 0.076688
10 0.22972650000000003 0.458365 0.008362999999999987 0.0062759999999999925
10 0.120628 0.4795655 0.009629999999999982 0.005511000000000088
10 0.11720749999999999 0.482244 0.009882999999999998 0.00566399999999998
10 0.1136595 0.4846165 0.008869000000000016 0.005204999999999948
10 0.02863655 0.6104395 0.0106437 0.006428999999999974
10 0.05879369999999999 0.618935 0.010136800000000001 0.0065820000000000435
10 0.05195134999999999 0.614036 0.0106437 0.006888000000000005
10 0.047516499999999996 0.6121235 0.009376599999999995 0.006429000000000062
10 0.02445515 0.60822 0.009883499999999998 0.0062759999999999925
10 0.0324379 0.603322 0.010136799999999996 0.006276000000000082
10 0.028003 0.601485 0.009376600000000002 0.00566399999999998
10 0.024075000000000003 0.598653 0.009123200000000001 0.006122000000000049
10 0.021414100000000002 0.6263585 0.007349200000000003 0.007041000000000075
10 0.0217942 0.596204 0.005068400000000001 0.004898000000000025
10 0.0252154 0.543701 0.0073492 0.005509999999999948
10 0.026229099999999998 0.5399510000000001 0.008869800000000002 0.006888000000000005
10 0.0299037 0.5382669999999999 0.010643599999999998 0.0062759999999999925
10 0.04016725 0.5303845 0.010897099999999998 0.0067349999999999355
10 0.04878355 0.5260985 0.010897100000000003 0.006123000000000012
10 0.052458199999999996 0.5238025000000001 0.010136800000000007 0.005816999999999961
10 0.08768374999999999 0.5007655 0.0106437 0.005663000000000018
10 0.09123165 0.49823950000000006 0.0106437 0.006123000000000012
10 0.0984542 0.49349450000000006 0.009883600000000003 0.005510999999999999
10 0.10250909999999999 0.4907395 0.009883800000000009 0.0058170000000000496
10 0.109731 0.48668300000000003 0.009629999999999982 0.00566399999999998
10 0.1858845 0.686744 0.009376999999999991 0.0062759999999999925
10 0.164217 0.6750345 0.012163999999999998 0.007652999999999998
10 0.3218445 0.3959895 0.010137000000000018 0.0070409999999999865
10 0.4332235000000001 0.9830860000000001 0.010897000000000023 0.007193999999999967
10 0.45666499999999993 0.879611 0.009123999999999998 0.005969999999999942
10 0.41966549999999997 0.8563449999999999 0.008108999999999967 0.006276000000000082
10 0.4128235 0.8473905 0.009122999999999947 0.006735000000000113
10 0.398125 0.8318539999999999 0.009629999999999982 0.007193999999999967
10 0.3852 0.8174655000000002 0.01064400000000001 0.008112999999999992
10 0.425874 0.925302 0.014951999999999988 0.008572000000000024
10 0.386594 0.9859945 0.007855999999999997 0.005050999999999917
10 0.42587449999999993 0.977805 0.009377000000000014 0.005816000000000088
10 0.3786115 0.9726005000000001 0.010137000000000018 0.006428999999999974
10 0.4406995 0.9866064999999999 0.011151 0.006889000000000145
10 0.4296755 0.9802540000000001 0.009882999999999953 0.006122000000000049
10 0.34325900000000004 0.861702 0.01292399999999998 0.007806000000000068
10 0.382666 0.9840804999999999 0.009630000000000027 0.006123000000000012
10 0.37227550000000004 0.9774985 0.010136999999999974 0.006123000000000012
10 0.3762035 0.9800245000000001 0.009377000000000014 0.0059689999999999795
10 0.397871 0.9836214999999999 0.01064400000000001 0.0067349999999999355
10 0.393943 0.981249 0.010389999999999988 0.0065820000000000435
10 0.38279300000000005 0.975509 0.010389999999999988 0.006122000000000049
10 0.4189055 0.9742844999999999 0.009123000000000037 0.005816999999999873
10 0.39989850000000005 0.9638755 0.008616999999999963 0.00551099999999991
10 0.396351 0.962115 0.009629999999999982 0.006276000000000082
10 0.4031935000000001 0.9662479999999999 0.010137000000000018 0.0065820000000000435
10 0.466295 0.8844329999999999 0.008616000000000045 0.005510000000000126
10 0.47693899999999995 0.8916275 0.009630000000000027 0.006428999999999974
10 0.4486825 0.989285 0.00734900000000005 0.003062000000000076
10 0.319564 0.5438544999999999 0.008110000000000017 0.006735000000000024
10 0.3549165 0.42614450000000004 0.008362999999999987 0.006735000000000024
10 0.2918145 0.381295 0.011911000000000005 0.005815999999999999
10 0.4704765 0.5727845 0.008362999999999943 0.0070409999999999865
10 0.5191330000000001 0.61373 0.008870000000000022 0.007193999999999967
10 0.912823 0.995484 0.013683999999999941 0.0065820000000000435
6 0.7581095 0.969769 0.013431000000000016 0.014847999999999927
10 0.7217435 0.9799479999999999 0.010642999999999958 0.00581599999999991
10 0.7147745000000001 0.9853055000000002 0.010390999999999994 0.005511000000000088
10 0.7359355000000001 0.9715295000000002 0.01267100000000001 0.007041000000000075
10 0.7065379999999999 0.9908925 0.01064400000000001 0.0059689999999999795
10 0.642676 0.7666459999999999 0.008615999999999957 0.006888000000000005
10 0.6101115 0.715215 0.008362999999999943 0.0062759999999999925
10 0.07108465 0.1477115 0.008362900000000006 0.006123000000000012
10 0.08692345 0.1601105 0.009123100000000006 0.00673499999999998
6 0.10238214999999999 0.0753865 0.020273699999999995 0.0172968
6 0.0705778 0.08097354999999999 0.028129800000000003 0.01224550000000001
6 0.057653350000000006 0.09161165 0.020527100000000003 0.0179087
6 0.20337049999999998 0.5900045 0.03218500000000002 0.012704999999999966
10 0.1818295 0.5666615 0.013431000000000016 0.006123000000000012
6 0.167638 0.5479875 0.022048 0.01561300000000001
6 0.139635 0.5172964999999999 0.021794 0.017297000000000028
10 0.5238215 0.957753 0.017738999999999994 0.01010200000000001
10 0.34097849999999996 0.8665234999999999 0.011911000000000005 0.007041000000000075
10 0.168652 0.6777895 0.009884000000000004 0.006123000000000012
10 0.02217435 0.9629574999999999 0.009883499999999998 0.0030610000000001135
10 0.2493665 0.751722 0.010137000000000018 0.005509999999999948
10 0.2468325 0.7490435 0.010137000000000018 0.005356999999999968
10 0.24480500000000002 0.7460585 0.011149999999999993 0.005510999999999999
10 0.242651 0.7429205 0.010390000000000033 0.005051000000000005
10 0.1824635 0.7276135 0.011151 0.004744999999999955
10 0.18550450000000002 0.7248585000000001 0.011151 0.004133000000000031
10 0.0191333 0.979106 0.0098834 0.003826000000000107
10 0.02116065 0.973672 0.010390300000000002 0.0033680000000000376
10 0.047769900000000004 0.9797945 0.011404000000000003 0.007040999999999897
10 0.04637605 0.9642585 0.010643699999999996 0.003214999999999968
10 0.0182463 0.981555 0.010136799999999998 0.002908000000000044
10 0.312215 0.8512935 0.01064400000000001 0.0059689999999999795
10 0.05423215 0.981479 0.010643699999999996 0.004898000000000025
10 0.04815 0.8199145 0.010136800000000001 0.0035209999999999296
10 0.04092755 0.8108830000000001 0.010390300000000002 0.006275999999999904
10 0.033705 0.806827 0.004561599999999999 0.005816000000000088
10 0.0157121 0.750115 0.0055752 0.0065820000000000435
10 0.0163457 0.738788 0.004815 0.005969999999999942
10 0.01697925 0.729374 0.005575300000000003 0.0070419999999999485
10 0.24733900000000003 0.6967705000000001 0.011149999999999993 0.006735000000000024
10 0.19348700000000002 0.6910299999999999 0.009884000000000004 0.005970000000000031
10 0.2012165 0.6958515000000001 0.009123000000000015 0.006123000000000012
10 0.2601365 0.7621304999999999 0.010897000000000023 0.005816999999999961
10 0.286366 0.7573855 0.011149999999999993 0.0058170000000000496
10 0.31145449999999997 0.7860860000000001 0.010643000000000003 0.005051999999999968
10 0.309427 0.7828715 0.01064400000000001 0.005051000000000005
10 0.3071465 0.7801165 0.010643000000000003 0.005357000000000056
10 0.30435850000000003 0.7775145 0.010136999999999974 0.005051000000000005
10 0.31487600000000004 0.7886884999999999 0.009376000000000006 0.005051000000000005
10 0.31741 0.7919025 0.010897999999999986 0.005662999999999929
10 0.301951 0.7746055000000001 0.010389999999999988 0.005051000000000005
10 0.3326155 0.7835605 0.009377000000000014 0.007347000000000037
10 0.319184 0.7684065 0.008870000000000022 0.006735000000000024
10 0.46122700000000005 0.8812184999999999 0.009630000000000027 0.006123000000000012
10 0.42701449999999996 0.863003 0.010137000000000018 0.007959999999999922
10 0.4052205000000001 0.8395835000000001 0.010137000000000018 0.007652999999999998
10 0.39166249999999997 0.825272 0.008869000000000016 0.006276000000000082
10 0.3606185 0.790984 0.008617000000000008 0.006276000000000082
10 0.279777 0.7856270000000001 0.011657999999999991 0.00566399999999998
10 0.1998225 0.785168 0.012416999999999989 0.006888000000000005
10 0.2897875 0.7977195 0.011911000000000005 0.005357000000000056
10 0.2873795 0.7941985 0.011656999999999983 0.005357000000000056
10 0.275469 0.7799635 0.011149999999999993 0.005356999999999968
10 0.273695 0.7769785 0.011149999999999993 0.005510999999999999
10 0.264445 0.768483 0.011404000000000015 0.00566399999999998
10 0.3373035 0.76435 0.010136999999999974 0.007500000000000018
10 0.319564 0.7945814999999999 0.011657999999999991 0.005816999999999961
7 0.13291930000000002 0.06581975 0.12189539999999999 0.07163650000000002