7 0.39980399999999994 0.5935765 0.14207399999999998 0.08047299999999993
10 0.05303325 0.20582050000000002 0.010567499999999997 0.007652999999999998
10 0.06771039999999999 0.2285485 0.006262200000000007 0.0067249999999999584
10 0.362427 0.44294949999999994 0.007827999999999991 0.007885000000000008
10 0.355577 0.44167449999999997 0.009002 0.007188999999999978
10 0.32309200000000005 0.5042905 0.008219999999999983 0.007652999999999998
10 0.09373754999999999 0.7227505 0.014480899999999986 0.0067249999999999584
10 0.058512699999999994 0.7585805000000001 0.016829799999999995 0.007885000000000008
6 0.0264188 0.403989 0.0152642 0.020408000000000027
6 0.048532299999999994 0.348794 0.014089999999999997 0.020872
10 0.025048950000000004 0.335343 0.010176100000000002 0.009276000000000017
10 0.05303329999999999 0.26623349999999996 0.0082192 0.0069570000000000135
10 0.05029355 0.255218 0.011350300000000002 0.009044000000000007
10 0.015459900000000002 0.221359 0.009002 0.008115999999999967
10 0.005870829687500001 0.1827455 0.008610540625 0.006956999999999991
10 0.025636 0.1716145 0.012915799999999996 0.007420999999999988
10 0.046183949999999994 0.1840215 0.0125245 0.0067250000000000035
10 0.0882583 0.1670915 0.0144814 0.008116999999999996
10 0.09432460000000001 0.1636135 0.013306799999999985 0.007653000000000021
10 0.02289625 0.11085350000000001 0.012133099999999999 0.006492999999999994
10 0.027201549999999998 0.10656349999999999 0.012915899999999998 0.007653000000000021
10 0.03894325 0.09949 0.011350300000000002 0.0064939999999999885
10 0.19589050000000002 0.12082549999999999 0.013699000000000017 0.008349000000000006
10 0.192368 0.11607150000000002 0.01369800000000001 0.008116999999999996
10 0.1810175 0.10981 0.013699000000000017 0.009043999999999986
7 0.15342465 0.9157005 0.10724070000000001 0.07166099999999993
7 0.2739725 0.808789 0.22465700000000002 0.13566799999999998
7 0.7551859999999999 0.7917435 0.19843399999999994 0.12244900000000011
7 0.846771 0.6546844999999999 0.15146799999999994 0.08441499999999999
10 0.06575345 0.20767649999999999 0.010176099999999999 0.008581000000000038
10 0.057729949999999995 0.19654449999999998 0.010567499999999997 0.007652999999999998
7 0.472603 0.54186 0.131898 0.07722600000000002
10 0.15773 0.208372 0.015656000000000003 0.008579999999999987
7 0.5720155 0.2619435 0.20234900000000006 0.11015700000000002
7 0.4790605 0.1781075 0.147945 0.085807
7 0.257143 0.09566315 0.10802399999999998 0.0730517
7 0.16594899999999999 0.0562384 0.09706400000000001 0.0693414
10 0.42759300000000006 0.3867115 0.012915999999999973 0.006261000000000028
10 0.44109600000000004 0.393669 0.013307999999999964 0.00626199999999999
10 0.4211349999999999 0.3898425 0.014089999999999936 0.007420999999999988
10 0.43483350000000004 0.39564000000000005 0.01487299999999996 0.0074219999999999954
10 0.31409000000000004 0.1733535 0.011349999999999971 0.007189000000000001
10 0.30567500000000003 0.1645405 0.01252399999999998 0.008117000000000018
10 0.2694715 0.1492345 0.014480999999999966 0.009045000000000015
10 0.1209395 0.1595545 0.014873000000000003 0.008813000000000005
10 0.12622300000000003 0.15607600000000002 0.014481999999999995 0.008348
10 0.131311 0.1538725 0.014482000000000017 0.007652999999999998
10 0.1489235 0.14540799999999998 0.010567000000000016 0.006957999999999997
10 0.15342450000000002 0.1480755 0.011741000000000001 0.007652999999999998
10 0.158513 0.150974 0.011741999999999985 0.0074219999999999954
10 0.163405 0.15317699999999998 0.011350000000000016 0.006725999999999987
10 0.2017615 0.1754405 0.012132999999999994 0.007652999999999998
10 0.197065 0.17242549999999998 0.012915999999999993 0.007189000000000001
10 0.20234800000000003 0.1859925 0.01174200000000003 0.007885000000000008
10 0.199804 0.1903985 0.012915999999999993 0.007885000000000008
10 0.1964775 0.19399349999999999 0.011741000000000024 0.0067250000000000035
10 0.19060649999999998 0.2011825 0.011741000000000001 0.007188999999999978
10 0.1657535 0.19735650000000002 0.013698999999999994 0.007421000000000011
10 0.17201550000000002 0.20106700000000002 0.01604699999999999 0.009739999999999993
10 0.150685 0.2054735 0.014090000000000002 0.007885000000000008
7 0.5724075 0.3631725 0.19295500000000007 0.11270899999999999