7 0.727372 0.02265345 0.03914799999999996 0.031949500000000006
7 0.47933000000000003 0.7069495 0.06608200000000002 0.03375500000000002
7 0.515346 0.22797850000000003 0.04916999999999998 0.025271
7 0.49608500000000005 0.24449449999999998 0.04134000000000002 0.021841
7 0.47839 0.261011 0.039774000000000066 0.021660000000000013
7 0.44440999999999997 0.2950365 0.04071400000000001 0.021841
7 0.2730975 0.35063199999999994 0.03820899999999998 0.02436799999999999
7 0.24569349999999995 0.385379 0.043533 0.021659999999999967
7 0.36846249999999997 0.4255415 0.040401 0.021480999999999993
7 0.21782050000000003 0.5236465000000001 0.05104900000000001 0.026715
7 0.0798622 0.5462995 0.033824 0.015343000000000018
7 0.21938649999999998 0.8239170000000001 0.074851 0.039530000000000065
7 0.019574092187499996 0.9444040000000001 0.038521815625 0.024910000000000033
7 0.349045 0.7001805 0.05981800000000002 0.032850999999999964
7 0.5021924999999999 0.6840249999999999 0.067335 0.035559999999999994
7 0.430473 0.7551445 0.05543399999999998 0.027617000000000048
7 0.9282805 0.128159 0.06890099999999996 0.035017999999999994
7 0.4993734999999999 0.8133570000000001 0.048543 0.030686000000000123
7 0.3621985 0.823556 0.051675000000000006 0.02797800000000006
7 0.4303165 0.618321 0.090197 0.04855599999999995
7 0.4689945 0.5762634999999999 0.11431300000000003 0.06155300000000006
7 0.5533985 0.4952165 0.11337299999999999 0.06155299999999997
7 0.6002190000000001 0.4555955 0.07297199999999995 0.03971099999999996
7 0.634513 0.41263550000000004 0.10209799999999998 0.057400999999999994
7 0.680238 0.3726535 0.08017599999999998 0.04205700000000001
7 0.71876 0.33285200000000004 0.09395600000000001 0.054874
7 0.8048854999999999 0.25018050000000003 0.08017500000000011 0.04115500000000001
7 0.8451299999999999 0.210379 0.07861000000000011 0.04277999999999997
7 0.78171 0.410108 0.05449400000000004 0.029241999999999945
7 0.7677735 0.43303250000000004 0.050422999999999975 0.026353000000000026
7 0.524742 0.10270760000000001 0.042280000000000054 0.02238279999999999