7 0.473402 0.595027 0.07752599999999994 0.107756
7 0.576495 0.49970400000000004 0.08164999999999996 0.12315000000000005
7 0.6804125 0.41770250000000003 0.07835099999999998 0.11308499999999996
7 0.7783505 0.33362949999999997 0.07711299999999995 0.11308500000000002
7 0.949691 0.20544700000000002 0.07587599999999987 0.112492
7 0.8824745 0.29307249999999996 0.0808250000000001 0.11486100000000002
7 0.043298949999999996 0.9171105 0.0808247 0.11722900000000003
7 0.38700999999999997 0.6971579999999999 0.07299000000000003 0.10716399999999995
7 0.32164950000000003 0.753404 0.07257699999999997 0.10834799999999997
7 0.1558765 0.902309 0.074227 0.10894000000000012
7 0.2663915 0.8052105 0.079175 0.11486099999999996