10 0.793137 0.284054 0.005834000000000028 0.004649999999999999
10 0.7140869999999999 0.8144145 0.007780000000000076 0.009572999999999965
6 0.5009724999999999 0.61105 0.01611500000000001 0.022976000000000062
10 0.5287580000000001 0.616247 0.007779999999999987 0.009299999999999998
6 0.45137499999999997 0.2605305 0.015282000000000018 0.022703000000000008
6 0.45790500000000006 0.253966 0.014448000000000061 0.019967999999999986
6 0.471103 0.2558805 0.019727999999999923 0.029267000000000022
6 0.49722150000000004 0.2422045 0.020839000000000052 0.026530999999999992
6 0.5929425 0.18394400000000002 0.02278500000000001 0.030908
10 0.5354265 0.1460615 0.0066689999999999475 0.007658999999999994
6 0.5352875 0.1732765 0.046401000000000005 0.03145499999999999
6 0.6271185 0.12130749999999998 0.013893000000000022 0.018872999999999984
10 0.40275099999999997 0.185312 0.010836000000000023 0.009026000000000001
10 0.616838 0.0757659 0.01222600000000007 0.0098468
10 0.6066965 0.10913599999999998 0.008612999999999982 0.010393999999999992
10 0.6235065000000001 0.09751085 0.009447000000000028 0.0112143
10 0.718255 0.8125 0.007779999999999987 0.007931999999999917
10 0.7866070000000001 0.26901 0.01111399999999998 0.004649999999999999
10 0.7228399999999999 0.809628 0.007502000000000031 0.009845999999999933
6 0.6885245 0.534874 0.03278699999999999 0.022702000000000045
10 0.6869965 0.217314 0.010836999999999986 0.008479999999999998
10 0.706724 0.215536 0.008057999999999944 0.009299999999999998
10 0.6919980000000001 0.22551949999999996 0.010836000000000023 0.009573000000000009
10 0.7115864999999999 0.2577955 0.01055900000000003 0.009026999999999985
10 0.7250625 0.279404 0.009168999999999983 0.007932000000000005
10 0.764518 0.2331785 0.008614000000000033 0.010121000000000002
10 0.655321 0.0556619 0.008614000000000033 0.005744000000000004
10 0.6564325 0.06085885 0.008612999999999982 0.006291099999999994
10 0.6582385000000001 0.06550875 0.008335000000000026 0.0073851
10 0.6722699999999999 0.08287744999999999 0.011391999999999935 0.008205700000000005
10 0.6726865 0.08766415 0.009446999999999938 0.006838100000000002
10 0.6749095 0.0919037 0.008890999999999937 0.006564600000000009
6 0.49333150000000003 0.6114605 0.01639299999999997 0.022155000000000057
6 0.4856905 0.6121445 0.016671000000000012 0.022429000000000077
6 0.48055000000000003 0.6177515 0.01639400000000002 0.02215499999999997
6 0.48624600000000007 0.6410009999999999 0.016115999999999974 0.02160799999999998
6 0.232565 0.6229485 0.019449999999999967 0.010667000000000027
6 0.24048350000000002 0.617888 0.020283000000000006 0.01039400000000006
6 0.24784699999999998 0.6137855 0.019450000000000012 0.010393000000000008
6 0.256182 0.6092725 0.016115999999999974 0.00902700000000003
6 0.262017 0.6048959999999999 0.020006000000000013 0.009574000000000017
6 0.27077 0.5999725 0.019728000000000013 0.010121000000000002
6 0.2785495 0.5954594999999999 0.020283000000000006 0.009846999999999984
6 0.2861905 0.5902625 0.018338999999999973 0.009298999999999946
6 0.29410949999999997 0.586023 0.020839000000000007 0.009025999999999978
6 0.300778 0.5806895000000001 0.020840000000000015 0.00875300000000001
10 0.2686855 0.3670675 0.01333700000000002 0.010941000000000001
10 0.266463 0.36105 0.015560000000000018 0.011488000000000031
6 0.325924 0.33178349999999995 0.019450000000000012 0.014223000000000008
6 0.322451 0.326313 0.022506000000000005 0.016412000000000003
6 0.329258 0.3372535 0.019450000000000012 0.014223000000000008
6 0.335788 0.34081 0.015837999999999974 0.011487999999999988
6 0.33828800000000003 0.3461435 0.015282000000000018 0.011760999999999999
6 0.2540985 0.28295950000000003 0.010280999999999985 0.012855000000000016
6 0.261739 0.28337 0.01166999999999998 0.014769999999999995
10 0.562517 0.906729 0.008058000000000032 0.009299999999999998
6 0.4052515 0.662746 0.01472699999999998 0.019146000000000017
6 0.4108085 0.658917 0.014170999999999979 0.018599999999999995
6 0.41900499999999996 0.65919 0.016115999999999974 0.021882000000000002
6 0.42956400000000006 0.6478395000000001 0.015003999999999972 0.021060999999999996
6 0.435677 0.6423685000000001 0.015559999999999973 0.021060999999999996
6 0.44262300000000004 0.641138 0.016115999999999974 0.02078800000000003
6 0.44817999999999997 0.6353934999999999 0.016115999999999974 0.021335000000000014
6 0.4555429999999999 0.6334795 0.01583800000000002 0.021335000000000014
6 0.473604 0.6482490000000001 0.01639400000000002 0.022975999999999976
10 0.6771325 0.0958698 0.008334999999999936 0.0068379999999999995
10 0.680328 0.1001093 0.008057999999999944 0.0071114000000000125
10 0.6826895000000001 0.10366500000000001 0.009447000000000028 0.007112000000000007
10 0.6974159999999999 0.1258205 0.010001999999999978 0.00875300000000001
10 0.699083 0.1308805 0.008891999999999988 0.008478999999999992
10 0.7078355000000001 0.12609399999999998 0.009168999999999983 0.007112000000000007
10 0.7171435 0.1199395 0.01055900000000003 0.008478999999999992
10 0.714643 0.11624699999999999 0.008335999999999988 0.007111999999999985
10 0.7104755 0.129513 0.009446999999999938 0.007931999999999984
10 0.7015840000000001 0.134847 0.008335999999999988 0.007112000000000007
10 0.7236735000000001 0.11064 0.010280999999999985 0.007932000000000005
10 0.7193664999999999 0.12390599999999999 0.01055900000000003 0.008206000000000001
10 0.7040845 0.13881300000000002 0.009446999999999938 0.008479999999999998
10 0.70728 0.142916 0.008614000000000033 0.007932000000000005
10 0.7231175000000001 0.127188 0.009168999999999983 0.007111999999999985
10 0.7125589999999999 0.1332055 0.008614000000000033 0.007111000000000001
10 0.7125589999999999 0.151532 0.008057999999999944 0.007112000000000007
10 0.710614 0.1471555 0.008614000000000033 0.007658999999999994
10 0.7142265 0.1561815 0.009168999999999983 0.007111000000000001
10 0.7202 0.1637035 0.008336000000000076 0.007933000000000013
10 0.71631 0.160011 0.008336000000000076 0.007111999999999985
10 0.7231175000000001 0.149617 0.010280999999999985 0.008752000000000005
10 0.8284244999999999 0.3775985 0.010280999999999985 0.008478999999999992
10 0.8364825 0.3901805 0.009168999999999983 0.006838999999999995
10 0.8398164999999999 0.39455650000000003 0.010280999999999985 0.007384999999999975
10 0.8414835 0.399617 0.009724999999999895 0.007658000000000031
10 0.8460685 0.40317300000000006 0.009447000000000117 0.007658000000000031
10 0.848152 0.40741250000000007 0.010836000000000113 0.00847900000000008
10 0.8505140000000001 0.412746 0.010558000000000156 0.008206000000000024
10 0.8492635 0.36487949999999997 0.009724999999999895 0.007658999999999994
10 0.8527365 0.3689825 0.01000300000000003 0.007658999999999994
10 0.8574605 0.37773500000000004 0.01000300000000003 0.00820599999999998
10 0.858989 0.383069 0.007502000000000031 0.006837999999999988
10 0.7060295 0.1206235 0.01000300000000003 0.008204999999999995
10 0.6949154999999999 0.122265 0.009447000000000028 0.007112000000000007
10 0.684218 0.1079045 0.008057999999999944 0.006291000000000002
10 0.7036675000000001 0.117615 0.008612999999999982 0.006564000000000014
10 0.6813005000000001 0.0826039 0.008335000000000026 0.007111599999999996
10 0.683801 0.08657005 0.008891999999999988 0.0073851
10 0.6846344999999999 0.09094635 0.008890999999999937 0.0073851
10 0.6888025 0.0940919 0.008891000000000027 0.0065645999999999986
10 0.6926925 0.08178335 0.009447000000000028 0.007658699999999996
10 0.6938034999999999 0.0862965 0.009447000000000028 0.007385200000000003
10 0.6975545000000001 0.088895 0.009168999999999983 0.007111599999999996
10 0.7072795 0.0838348 0.009724999999999984 0.007385200000000003
10 0.6921364999999999 0.09860525 0.009447000000000028 0.007385500000000001
10 0.6932484999999999 0.10352845 0.009447000000000028 0.007385100000000011
10 0.7021395 0.09286105 0.011115000000000031 0.007932099999999997
10 0.7018615 0.09901525 0.009447000000000028 0.007111499999999993
10 0.711309 0.08766415 0.008335999999999988 0.006838100000000002
10 0.7185330000000001 0.08903174999999999 0.008335999999999988 0.006838100000000002
10 0.6878295 0.11146099999999999 0.009724999999999984 0.006838000000000011
10 0.6904695000000001 0.11515299999999999 0.009447000000000028 0.007112000000000007
10 0.6924145 0.1184355 0.01000300000000003 0.007658999999999994
10 0.6961655 0.10681099999999999 0.009724999999999984 0.007931999999999984
10 0.6989445 0.11036649999999999 0.009168999999999983 0.0073849999999999975
10 0.7006115 0.114059 0.009168999999999983 0.007112000000000007
10 0.7049179999999999 0.1027077 0.008335999999999988 0.006290600000000002
10 0.7079745 0.10571649999999999 0.008334999999999936 0.0073849999999999975
10 0.7099195 0.09354485 0.008334999999999936 0.007658699999999996
10 0.712837 0.0976477 0.009170000000000034 0.007658599999999993
10 0.71631 0.1007931 0.008891999999999988 0.006837799999999994
10 0.7211725 0.09286105 0.008612999999999982 0.006838100000000002
10 0.7253405 0.0954595 0.008612999999999982 0.007658600000000004
10 0.7090854999999999 0.109546 0.009447000000000028 0.007931999999999984
10 0.7122814999999999 0.11255449999999997 0.009724999999999984 0.0073849999999999975
6 0.218811 0.6252734999999999 0.021950000000000004 0.01203499999999993