10 0.2808985 0.32169600000000004 0.0072489999999999725 0.019950000000000002
10 0.2859735 0.370324 0.008699000000000012 0.020781999999999988
10 0.3379845 0.9671654999999999 0.017035 0.009975000000000022
10 0.47481 0.9734 0.015948000000000028 0.009143999999999864
10 0.47879649999999996 0.3287615 0.007249000000000017 0.01662500000000002
10 0.28361749999999997 0.29073150000000003 0.00761099999999999 0.018703000000000004
10 0.30137749999999996 0.32127999999999995 0.006886999999999999 0.017456000000000006
10 0.222544 0.319202 0.007974000000000014 0.018287999999999992
10 0.17959399999999998 0.316916 0.0068860000000000145 0.016210000000000013
10 0.20405949999999998 0.36762249999999996 0.0072489999999999725 0.017040999999999994
10 0.2511775 0.288653 0.007249000000000017 0.01787200000000002
10 0.41101849999999995 0.325644 0.007248999999999927 0.019533999999999985
10 0.22653150000000002 0.29010800000000003 0.0072489999999999725 0.014962000000000008
10 0.2444725 0.3187865 0.006886999999999999 0.01662499999999998
10 0.25172150000000004 0.3187865 0.006886999999999999 0.01662499999999998
10 0.259333 0.288238 0.006885999999999992 0.015378000000000025
10 0.28724150000000004 0.3219035 0.006886999999999999 0.016209000000000008
10 0.31660000000000005 0.321696 0.007611999999999996 0.018287999999999992
10 0.37133000000000005 0.3229425 0.007611999999999996 0.018287000000000032
10 0.46448 0.3273065 0.006161999999999957 0.017040999999999994
10 0.022290700000000004 0.9590605 0.0163102 0.00955900000000014
10 0.8756795 0.9883625 0.016672999999999938 0.009142999999999901
10 0.778362 0.9846215 0.017759999999999998 0.009974999999999845
10 0.12395800000000001 0.9611385 0.015948000000000007 0.010390999999999906
10 0.5190285 0.25872799999999996 0.007249000000000017 0.01953400000000003
10 0.5121420000000001 0.25852050000000004 0.0065240000000000185 0.017456999999999966
10 0.5050745 0.258936 0.006887000000000043 0.018287999999999992
10 0.48187750000000007 0.256442 0.006886999999999954 0.017456000000000006
10 0.47517200000000004 0.257066 0.0065240000000000185 0.017871999999999978
10 0.46701700000000007 0.25665 0.006162000000000045 0.01787200000000002
10 0.45886200000000005 0.2554035 0.0065240000000000185 0.017040999999999994
10 0.4516125 0.254988 0.007249000000000017 0.01787200000000002
10 0.434215 0.252078 0.015948000000000028 0.008728000000000024
10 0.393621 0.251455 0.015948000000000028 0.009143999999999996
10 0.376223 0.2508315 0.015947999999999983 0.009559000000000007
10 0.340341 0.25 0.015948000000000028 0.009560000000000013
10 0.31913749999999996 0.24937649999999997 0.015585000000000005 0.009143000000000035
10 0.3008335 0.24854500000000002 0.015222999999999987 0.009143999999999996
10 0.2562525 0.24667500000000003 0.016673000000000028 0.009559999999999968
10 0.21130849999999998 0.26018299999999994 0.016672999999999983 0.009143999999999996
10 0.1982605 0.2448045 0.016673000000000004 0.009975000000000022
10 0.4494385 0.32709900000000003 0.007249000000000017 0.017456000000000006
10 0.40340699999999996 0.32502050000000005 0.007974000000000014 0.01662500000000002
10 0.5945995 0.3052785 0.006887000000000043 0.018703000000000004
0 0.1834 0.555694 0.14135599999999998 0.1620939999999999
10 0.08082635 0.114713 0.016672699999999995 0.009143999999999996
10 0.10492949999999998 0.051122200000000007 0.027908999999999996 0.025769000000000004
10 0.07847045 0.10307585000000001 0.014860499999999999 0.009144300000000005
10 0.0795578 0.03740645 0.014135600000000003 0.007481299999999996
10 0.0936931 0.027015749999999998 0.016309800000000006 0.007481299999999999
10 0.08590065 0.007065670312499999 0.0065241 0.009975059375000001
10 0.07828919999999999 0.0078969203125 0.0072490000000000054 0.011637559375
0 0.511236 0.8302160000000001 0.09242400000000002 0.1076480000000001
11 0.41464300000000004 0.564838 0.32403000000000004 0.22693199999999997
10 0.39543300000000003 0.3243975 0.007974000000000014 0.018703000000000004
11 0.2992025 0.7865755 0.32294300000000004 0.22651700000000002
3 0.7919535 0.6184540000000001 0.28778499999999985 0.6583539999999999
11 0.7932220000000001 0.6159605 0.21710800000000008 0.371571
14 0.539326 0.1760185 0.03696999999999999 0.08769699999999998
14 0.493295 0.17414800000000003 0.03696999999999999 0.08728200000000001
14 0.41989850000000006 0.1714465 0.03878300000000001 0.08769700000000002
14 0.37332350000000003 0.17040700000000003 0.03769499999999999 0.08728200000000001
14 0.327474 0.168745 0.03733199999999996 0.08728200000000001
10 0.08064515 0.123857 0.01703509999999999 0.009143999999999996
10 0.213483 0.1820445 0.019571999999999968 0.009975000000000001
10 0.181588 0.242103 0.014498000000000011 0.00872799999999998
10 0.2171075 0.244597 0.01812300000000002 0.00872799999999998
10 0.38727799999999996 0.323566 0.007611999999999996 0.017871999999999978
10 0.415005 0.2950955 0.007974000000000014 0.021612999999999973
10 0.3981515 0.29655050000000005 0.008336999999999994 0.01953499999999999
10 0.374049 0.29301750000000004 0.006523999999999974 0.01662500000000002
10 0.5697720000000001 0.2593515 0.0065240000000000185 0.01745700000000001
10 0.5617975 0.2587285 0.007248999999999927 0.017040999999999994
10 0.5550925 0.2587285 0.006160999999999995 0.017040999999999994
10 0.5476625 0.257481 0.007249000000000017 0.01537799999999998
10 0.540413 0.25852050000000004 0.0065240000000000185 0.017456999999999966
10 0.5338895 0.2595595 0.007249000000000017 0.018703000000000004
10 0.526459 0.259144 0.006885999999999992 0.01787200000000002
10 0.4972815 0.257897 0.007249000000000017 0.01787200000000002
10 0.4902139999999999 0.257897 0.006885999999999992 0.01787200000000002
10 0.41228699999999996 0.2514545 0.014860000000000007 0.00831299999999997
10 0.357557 0.2504155 0.014860000000000007 0.009559000000000007
10 0.2375865 0.24563600000000002 0.017035 0.008312000000000009
10 0.2789055 0.24688299999999996 0.017035 0.009143999999999996
10 0.612722 0.257897 0.007612000000000041 0.020366000000000016
10 0.602392 0.304655 0.0065240000000000185 0.018287999999999992
10 0.2767305 0.368454 0.00761099999999999 0.020365999999999974
10 0.17198249999999998 0.3173315 0.006886999999999999 0.01953499999999999
10 0.258608 0.319202 0.006885999999999992 0.018287999999999992
10 0.236861 0.3196175 0.006885999999999992 0.017456999999999966
10 0.2301555 0.3208645 0.007249000000000017 0.019119000000000018
10 0.21583899999999998 0.31816300000000003 0.007611999999999996 0.017871999999999978
10 0.20858999999999997 0.31920200000000004 0.007611999999999996 0.019950000000000002
10 0.20116 0.3185785 0.007974000000000014 0.018703000000000004
10 0.1937295 0.317124 0.006886999999999999 0.017456000000000006
10 0.1864805 0.317955 0.006886999999999999 0.017456000000000006
10 0.24284150000000002 0.289485 0.0072489999999999725 0.01787200000000002
10 0.4954695 0.328138 0.007249000000000017 0.018703999999999964
10 0.234868 0.2892765 0.007974000000000014 0.019119000000000018
10 0.218376 0.286575 0.008335999999999988 0.017871999999999978
10 0.20949650000000003 0.2871985 0.0072489999999999725 0.01745700000000001
10 0.20170349999999998 0.2882375 0.006887000000000021 0.017040999999999994
10 0.19282349999999998 0.289069 0.007248999999999994 0.01870400000000001
10 0.1848495 0.285952 0.007249000000000017 0.017456000000000006
10 0.5188475 0.3277225 0.00833699999999995 0.018703000000000004
10 0.5105109999999999 0.3287615 0.007611999999999952 0.020780999999999984
10 0.2664005 0.318994 0.007249000000000017 0.01787200000000002
10 0.2734685 0.320033 0.007611000000000034 0.018287999999999992
10 0.26712600000000003 0.288238 0.00797399999999997 0.01787200000000002
10 0.27473749999999997 0.289069 0.007249000000000017 0.017871999999999978
10 0.262233 0.36783 0.008336000000000033 0.019950000000000002
10 0.25371550000000004 0.369077 0.0072489999999999725 0.019950000000000002
10 0.2453785 0.369077 0.007249000000000017 0.018287999999999992
10 0.2370425 0.3661675 0.007249000000000017 0.019119000000000018
10 0.22906849999999998 0.368038 0.0072489999999999725 0.020366000000000016
10 0.220007 0.36720699999999995 0.00797399999999997 0.01953400000000003
10 0.21203349999999999 0.36699950000000003 0.0072489999999999725 0.019119000000000018
10 0.19590449999999998 0.3665835 0.006886999999999999 0.018287000000000032
10 0.187749 0.3688695 0.006523999999999997 0.018703000000000004
10 0.17959399999999998 0.3653365 0.0068860000000000145 0.018287000000000032
10 0.1708955 0.36596 0.006886999999999999 0.017871999999999978
10 0.29449050000000004 0.3216955 0.006886999999999999 0.019118999999999976
10 0.3088075 0.3219035 0.0065249999999999805 0.018703000000000004
10 0.317325 0.2911475 0.007611999999999996 0.018703000000000004
10 0.3088075 0.291147 0.007973000000000008 0.01787200000000002
10 0.3004715 0.29156250000000006 0.007249000000000017 0.017040999999999994
10 0.292316 0.291147 0.006886000000000036 0.01787200000000002
10 0.5028995 0.328969 0.006887000000000043 0.017871999999999978
10 0.48767649999999996 0.3298005 0.006887000000000043 0.018703000000000004
10 0.610004 0.304447 0.00652399999999993 0.01787200000000002
10 0.6897425 0.25789650000000003 0.007249000000000017 0.021197
10 0.6335625 0.306941 0.007249000000000017 0.019533999999999985
10 0.6409929999999999 0.306941 0.006885999999999992 0.01787200000000002
10 0.6491485 0.30756449999999996 0.007249000000000017 0.019119000000000018
10 0.6563975 0.305902 0.007249000000000017 0.015793999999999996
10 0.6721640000000001 0.307357 0.006885999999999992 0.017871999999999978
10 0.6806815 0.3083955 0.007249000000000017 0.018287000000000032
10 0.6879305 0.31005849999999996 0.007248999999999927 0.019119000000000018
10 0.6502355 0.257481 0.008699000000000012 0.020365999999999974
10 0.6828559999999999 0.25852050000000004 0.0065240000000000185 0.019119000000000018
10 0.471729 0.32751450000000004 0.007612000000000041 0.019119000000000018
10 0.6750635 0.25872850000000003 0.00761099999999999 0.018703000000000004
10 0.666546 0.257689 0.007974000000000014 0.018287999999999992
10 0.6977169999999999 0.256858 0.007974000000000014 0.017456000000000006
10 0.658572 0.257689 0.007974000000000014 0.018287999999999992
10 0.6418995 0.25602650000000005 0.007249000000000017 0.01662500000000002
10 0.6645525 0.3083955 0.006887000000000043 0.018287000000000032
10 0.6257699999999999 0.3061095 0.006885999999999992 0.01953499999999999
10 0.617434 0.3040315 0.006885999999999992 0.018703000000000004
10 0.382566 0.29551150000000004 0.006885999999999992 0.019119000000000018
10 0.39017749999999995 0.297382 0.006886999999999999 0.01787200000000002
10 0.40648800000000007 0.2961345 0.006885999999999992 0.018703000000000004
10 0.42279800000000006 0.2975895 0.006162000000000045 0.01662499999999998
10 0.4570495 0.3262675 0.007249000000000017 0.018286999999999987
10 0.4340339999999999 0.3287615 0.007612000000000041 0.019119000000000018
10 0.42660400000000004 0.3243975 0.0065240000000000185 0.017040999999999994
10 0.41862950000000004 0.32502050000000005 0.007249000000000017 0.019119000000000018
10 0.3798475 0.3252285 0.0072489999999999725 0.01953499999999999
10 0.5179414999999999 0.2998755 0.007249000000000017 0.018703000000000004
10 0.510692 0.298836 0.0065240000000000185 0.017456000000000006
10 0.5036245 0.299044 0.006887000000000043 0.01787200000000002
10 0.4956505 0.29925199999999996 0.006887000000000043 0.018287999999999992
10 0.48821999999999993 0.2996675 0.0065240000000000185 0.019119000000000018
10 0.48079 0.2996675 0.006161999999999957 0.019119000000000018
10 0.4742660000000001 0.2986285 0.008335999999999988 0.021197
10 0.46701700000000007 0.297382 0.007612000000000041 0.01787200000000002
10 0.4599495 0.2982125 0.007249000000000017 0.017040999999999994
10 0.45215649999999996 0.2977975 0.006887000000000043 0.018703000000000004
10 0.44490750000000007 0.29551150000000004 0.00833699999999995 0.019119000000000018
10 0.4314970000000001 0.2967585 0.006885999999999992 0.01662500000000002
14 0.2812615 0.16729 0.03769499999999999 0.08769800000000001