10 0.4124695 0.835513 0.0067569999999999904 0.007042000000000037
10 0.254607 0.6898894999999999 0.010441999999999974 0.00855100000000002
10 0.02733415 0.4901915 0.009213700000000002 0.007545000000000001
11 0.9155405 0.29275650000000003 0.073095 0.083501
0 0.6796685 0.0749495 0.11977899999999994 0.09557299999999999
0 0.7868549999999999 0.6946680000000001 0.13636399999999993 0.09557399999999996
0 0.6941029999999999 0.48239400000000004 0.14619200000000002 0.10865200000000001
0 0.5067565 0.7517604999999999 0.15356299999999995 0.10714299999999995
0 0.5528255 0.6089035 0.10442299999999997 0.07293699999999995
0 0.368243 0.6255029999999999 0.15663400000000002 0.10915400000000001
0 0.472666 0.48591549999999994 0.12100799999999996 0.07847099999999996
0 0.232187 0.5103115 0.15233400000000002 0.11116700000000002
0 0.345209 0.391348 0.16339000000000006 0.12172999999999998
0 0.531941 0.3717305 0.11056599999999994 0.080483
0 0.4659095 0.24723299999999998 0.114865 0.077968