10 0.020024300000000002 0.489607 0.0048544 0.009238000000000034
10 0.14987849999999997 0.46506949999999997 0.010922999999999993 0.00981500000000004
3 0.8128035 0.534931 0.22997500000000004 0.40473400000000004
11 0.8128035 0.5372399999999999 0.15958699999999998 0.22575000000000003
0 0.306432 0.7046765 0.120146 0.10912300000000004
14 0.45904100000000003 0.3963625 0.02609199999999996 0.05369500000000001
14 0.420813 0.39491899999999996 0.024878 0.050807999999999964
14 0.3831915 0.39549650000000003 0.024879000000000005 0.050809000000000014
14 0.3449635 0.395208 0.024879000000000005 0.05138600000000002
14 0.309466 0.3937645 0.02548600000000003 0.050809000000000014
14 0.27275499999999997 0.393187 0.024878 0.050807999999999964
14 0.2330095 0.3926095 0.025485000000000025 0.05196299999999998
14 0.196602 0.3914545 0.025485999999999988 0.05196300000000002