7 0.5701975 0.7291124999999999 0.02851700000000008 0.04478900000000001
7 0.583516 0.6890615 0.027578000000000012 0.04220499999999996
10 0.730649 0.28337650000000003 0.012222000000000044 0.012058999999999997
10 0.7287684999999999 0.291559 0.011594999999999977 0.01205799999999999
10 0.725948 0.29801900000000003 0.009713999999999955 0.01033599999999999
10 0.7240679999999999 0.3053405 0.012221999999999955 0.012058999999999997
10 0.71921 0.31804449999999995 0.010027999999999971 0.010767000000000016
10 0.71592 0.325797 0.010341999999999985 0.011628000000000017
10 0.710279 0.346684 0.01284799999999997 0.011197999999999996
7 0.73676 0.6776485 0.023190000000000044 0.03746700000000001
7 0.9092759999999999 0.5195955 0.029772 0.035745000000000006
7 0.8666565 0.5198105 0.026011000000000097 0.02928499999999996
7 0.8429960000000001 0.567399 0.043246000000000076 0.05986200000000004
7 0.7955185 0.5432819999999999 0.026011000000000097 0.032299999999999954
7 0.7646504999999999 0.5348835000000001 0.027577000000000053 0.031869000000000015
7 0.7398935 0.5079670000000001 0.027576999999999963 0.03143799999999999
7 0.710436 0.4911715 0.02632399999999997 0.03229900000000008
7 0.6103099999999999 0.6018515000000001 0.02350400000000006 0.03832899999999997
7 0.5965215 0.6434110000000001 0.02475700000000005 0.037897999999999946
10 0.7358195000000001 0.3632645 0.011281000000000051 0.010767000000000016
10 0.7373865000000001 0.3555125 0.010654999999999947 0.009905000000000008
10 0.74099 0.3490525 0.012221999999999955 0.012489000000000017
7 0.397681 0.3074935 0.02883199999999997 0.04651100000000001
7 0.507521 0.6884155 0.02914399999999997 0.04608100000000004
7 0.44406149999999994 0.6500864999999999 0.03321899999999998 0.048665
7 0.46114049999999995 0.6074505 0.031651000000000006 0.048665
7 0.485741 0.5219635 0.027578000000000012 0.04478900000000001
7 0.6480729999999999 0.44896650000000005 0.031337999999999956 0.036606999999999966
7 0.5890005 0.41774300000000003 0.029770999999999947 0.03617600000000003
7 0.41758100000000004 0.31976750000000004 0.03227799999999999 0.04091299999999998
7 0.140238 0.3266585 0.033532000000000006 0.038329000000000016
10 0.7438105 0.3423775 0.009715000000000007 0.009475000000000034
10 0.732372 0.2743325 0.011282000000000014 0.011197000000000035
10 0.757443 0.29995700000000003 0.013162000000000073 0.013350000000000018
10 0.753996 0.305556 0.010027999999999971 0.011628000000000017
10 0.7522719999999999 0.3128765 0.011596000000000028 0.012488999999999972
10 0.749295 0.320198 0.012535999999999969 0.013350000000000018
10 0.7478845 0.32795 0.012849000000000022 0.010766000000000008
10 0.7456910000000001 0.33505599999999996 0.010968 0.01033599999999999
7 0.5327485 0.603144 0.03196500000000002 0.049526