10 0.07763155 0.46112349999999996 0.020526300000000008 0.01617899999999999
7 0.5055259999999999 0.607191 0.053158 0.04404400000000006
7 0.7926315 0.646966 0.0684210000000001 0.06247199999999999
7 0.49315800000000004 0.8325845000000001 0.05684200000000006 0.050786999999999874
7 0.4639475 0.797528 0.05421099999999992 0.045393999999999934
7 0.41315799999999997 0.8795505 0.049473999999999976 0.042247000000000055
7 0.38552600000000004 0.847865 0.050000000000000044 0.041798
7 0.703421 0.582472 0.04684200000000001 0.03685399999999994
7 0.6186845 0.640225 0.048947000000000074 0.039999999999999945
7 0.5747365 0.6660674999999999 0.048421000000000006 0.040449
7 0.44473700000000005 0.7483145 0.053683999999999975 0.04404499999999993
7 0.4010524999999999 0.7741574999999999 0.04947299999999997 0.04089900000000002
7 0.362105 0.799326 0.05052599999999998 0.04179799999999991
7 0.705 0.48314599999999996 0.05631599999999999 0.04674200000000006
7 0.424474 0.6557305 0.04684200000000001 0.040449
7 0.7623685 0.284944 0.06157900000000005 0.05572999999999997
7 0.380526 0.6813480000000001 0.04315799999999999 0.038652
7 0.3463155 0.7074155 0.051579 0.04584299999999999
7 0.301842 0.7332585 0.05421 0.04449500000000004
7 0.6057895 0.39078650000000004 0.051579 0.04808900000000005
7 0.572895 0.355506 0.05 0.043146
7 0.525263 0.44426950000000004 0.05263200000000001 0.03910100000000005
7 0.47763150000000004 0.4716855000000001 0.058420999999999966 0.047191000000000025
7 0.3873685 0.5323595 0.05894700000000004 0.04719099999999994
7 0.3297365 0.5689885 0.058421000000000015 0.04853899999999998
7 0.12105255000000001 0.6916855 0.04842090000000001 0.047640999999999954
7 0.14789449999999998 0.673708 0.054736999999999994 0.04584200000000003
7 0.1147366 0.6620225 0.0821048 0.07191099999999997
7 0.8484210000000001 0.610337 0.06736799999999991 0.060224000000000014
7 0.7305265000000001 0.254157 0.051579 0.04809000000000001
10 0.171842 0.422022 0.01947399999999999 0.014381999999999983
10 0.5165789999999999 0.18292150000000001 0.017368000000000005 0.01168499999999999
10 0.182632 0.43460649999999995 0.019999999999999997 0.015280999999999966
10 0.2571055 0.5107865 0.021579000000000015 0.015730999999999985
10 0.893158 0.0503371 0.017894000000000077 0.017078599999999992
10 0.9368424999999998 0.08741570000000001 0.014737000000000045 0.013932599999999995
10 0.9276315 0.09213485 0.017369000000000058 0.015280899999999997
6 0.737105 0.188989 0.03631599999999997 0.011236000000000001
6 0.731316 0.177303 0.037368000000000026 0.011236000000000001
6 0.718947 0.1683145 0.03368400000000005 0.012134999999999984
6 0.676579 0.12112349999999998 0.032105999999999926 0.02292099999999999
10 0.55 0.2307865 0.012631999999999977 0.011235000000000018
10 0.546842 0.222697 0.01578999999999997 0.011235999999999979
10 0.521842 0.1883145 0.013157999999999958 0.010786999999999991
10 0.588421 0.0791011 0.01368400000000003 0.0161798
7 0.631842 0.2707865 0.04263199999999996 0.037302999999999996
10 0.573421 0.0813483 0.012105999999999995 0.0170786
10 0.5652630000000001 0.08696630000000001 0.012631999999999977 0.019325800000000004
10 0.30578950000000005 0.3386515 0.014737 0.014830999999999993
10 0.32 0.354157 0.015790000000000016 0.016179999999999993
10 0.2910525 0.319326 0.015788999999999963 0.015730000000000022
7 0.6884210000000001 0.235281 0.037894000000000004 0.035505999999999996
7 0.6599999999999999 0.2049435 0.03578999999999999 0.03146099999999998
7 0.6360525 0.175281 0.04473699999999994 0.043146
7 0.6073685 0.14494400000000002 0.04526300000000001 0.041798
7 0.564737 0.183371 0.039999999999999945 0.038652
7 0.5839475000000001 0.2141575 0.04157900000000003 0.036405
7 0.605526 0.243146 0.04052599999999993 0.038652
10 0.2752635 0.303146 0.017894999999999994 0.015730000000000022