6 0.185033 0.38 0.07565799999999998 0.023333999999999966
6 0.178043 0.355833 0.09292800000000001 0.025
6 0.42228649999999995 0.36 0.07812499999999996 0.02333400000000001
6 0.44778 0.387917 0.12088799999999997 0.02250000000000001
6 0.5481085 0.4133335000000001 0.12582300000000002 0.023332999999999958
6 0.43174349999999995 0.41125 0.07730299999999998 0.02916599999999998
6 0.43009850000000005 0.4333335 0.08223700000000003 0.023333000000000048
6 0.4469575 0.46875 0.11924299999999999 0.020833999999999974
6 0.4502465 0.49541699999999994 0.11924299999999999 0.022500000000000055
6 0.45600300000000005 0.5208335 0.12582200000000002 0.021667000000000058
6 0.45847049999999995 0.5483330000000001 0.127467 0.020000000000000018
6 0.462171 0.5720829999999999 0.13322399999999995 0.022500000000000055
6 0.4654605 0.5966665 0.13651300000000005 0.02666699999999995
6 0.45888150000000005 0.62 0.12664499999999998 0.02333400000000001
6 0.441612 0.6433335 0.13486800000000004 0.02666700000000004
6 0.567023 0.6691670000000001 0.11924399999999995 0.025
6 0.19449 0.4966665 0.12911200000000003 0.021667000000000058
6 0.20394700000000002 0.5191665000000001 0.04440799999999998 0.018333000000000065
6 0.17598699999999998 0.5379165 0.047698 0.020832999999999924
6 0.16652999999999998 0.5629165 0.071546 0.019166999999999934
6 0.1599505 0.42374999999999996 0.073191 0.022499999999999964
6 0.19901300000000002 0.4658335 0.12006600000000003 0.02666699999999995
6 0.8203125 0.6795835 0.12911099999999998 0.029166999999999988
6 0.8190785 0.655 0.11842100000000003 0.021666000000000008
6 0.8310030000000002 0.6325 0.09292800000000004 0.021666000000000008
6 0.8252465000000001 0.47041649999999996 0.104441 0.024167000000000004
6 0.723273 0.3441665 0.02220399999999998 0.036667000000000005
6 0.7014805 0.34125 0.01973699999999994 0.03916599999999999
6 0.662829 0.35125 0.023026000000000036 0.0375
6 0.161184 0.654583 0.075658 0.027499999999999948
6 0.140214 0.6308334999999999 0.058387999999999995 0.02166699999999997
6 0.399671 0.337917 0.09046000000000003 0.02250000000000001