3 0.7190305 0.6635725 0.279797 0.23431499999999997
11 0.7153185000000001 0.668694 0.165299 0.14084599999999997
0 0.360297 0.30649800000000005 0.087534 0.06818199999999996
0 0.350723 0.46814999999999996 0.067604 0.051536000000000026
0 0.1992965 0.338668 0.078155 0.0621
0 0.536342 0.4358195 0.06135200000000003 0.05217700000000001
0 0.43884349999999994 0.7133485 0.07502900000000005 0.05921899999999995
0 0.519539 0.6600509999999999 0.07229400000000004 0.05633800000000004
0 0.5359515 0.571863 0.08401700000000005 0.06242000000000001
0 0.415006 0.5486555 0.08753399999999996 0.06402099999999997
0 0.47499 0.7920935 0.04728399999999997 0.03553099999999994
0 0.5480655000000001 0.7541610000000001 0.053536999999999946 0.03777200000000001
0 0.556272 0.8932459999999999 0.062134 0.04577399999999994
14 0.600039 0.723592 0.03243400000000003 0.031050000000000022
14 0.6187965 0.7127079999999999 0.03165300000000002 0.031689999999999954
14 0.6350135 0.7640845 0.03282500000000006 0.03201100000000005
14 0.652403 0.752721 0.03009000000000004 0.030410000000000003
14 0.6899179999999999 0.791133 0.03243400000000003 0.03232999999999997
14 0.7096525 0.778969 0.02969900000000001 0.030410000000000003
0 0.2149275 0.1871 0.08909700000000001 0.06690199999999999