10 0.3683505 0.975803 0.010209000000000001 0.010557999999999979
10 0.345782 0.9478665 0.008060000000000001 0.009238999999999997
0 0.767061 0.5120985 0.12305199999999994 0.10822699999999993
0 0.280494 0.38759350000000004 0.06555599999999999 0.051033000000000016
0 0.1585165 0.443907 0.07952699999999999 0.06863200000000003
0 0.11499215 0.33985950000000004 0.11714169999999999 0.09194900000000002
0 0.309511 0.5105584999999999 0.067706 0.040914999999999944
14 0.15421800000000002 0.599648 0.022567999999999987 0.039596000000000055
14 0.188608 0.599428 0.021493999999999992 0.03915600000000001
14 0.22219249999999996 0.6003080000000001 0.022031000000000002 0.03827600000000002
14 0.25497050000000004 0.6003080000000001 0.022031000000000002 0.040036
14 0.2893605 0.5998680000000001 0.022031000000000002 0.03827600000000002
14 0.3216015 0.5998680000000001 0.024181000000000008 0.03915600000000001
14 0.3557225 0.600528 0.02041900000000001 0.03783600000000007
14 0.19451900000000003 0.6636605 0.02364400000000002 0.040914999999999944
14 0.22810350000000001 0.6645405 0.022031000000000002 0.03827499999999997
14 0.261687 0.6641005 0.021494000000000034 0.04003499999999995
11 0.542719 0.640123 0.24287999999999998 0.20237599999999994
11 0.426921 0.730532 0.23697 0.199296
10 0.29795800000000006 0.1372635 0.011283999999999983 0.00791900000000001
10 0.380978 0.04729435 0.007521999999999984 0.005719299999999999
10 0.657442 0.3460185 0.006986000000000025 0.008359000000000005
10 0.6448145000000001 0.3600965 0.010747000000000017 0.007479000000000013
0 0.49731299999999995 0.43598800000000004 0.11660399999999997 0.09942800000000003