10 0.9539234999999999 0.7804645 0.008211000000000013 0.016121000000000052
10 0.11656 0.6303935 0.016880000000000006 0.008061000000000007
10 0.11929750000000001 0.5604549999999999 0.015967 0.007585999999999959
10 0.2130475 0.5310575 0.022811000000000005 0.00758700000000001
10 0.1888685 0.51707 0.020073000000000008 0.0071120000000000514
10 0.1669705 0.4871980000000001 0.016422999999999986 0.007111999999999963
10 0.17655099999999999 0.47581799999999996 0.017335999999999997 0.007111999999999963
10 0.212363 0.4321955 0.016880000000000006 0.007113000000000013
10 0.214872 0.40303449999999996 0.022809999999999997 0.009482999999999953
10 0.03809305 0.28236150000000004 0.007755500000000004 0.01564700000000001
10 0.04676095 0.283547 0.008667900000000001 0.01707000000000001
10 0.0725365 0.49241349999999995 0.007299200000000006 0.01659499999999996
10 0.0634124 0.4921765000000001 0.008211599999999996 0.01517299999999997
10 0.06386865 0.468468 0.009124100000000001 0.018018
10 0.10492699999999999 0.42484599999999995 0.008211999999999997 0.016122000000000015
10 0.06637775 0.41986749999999995 0.007755500000000004 0.014698999999999973
10 0.04812955 0.419156 0.010492699999999999 0.018965999999999993
10 0.0310219 0.4184445 0.008211600000000003 0.020389000000000036
10 0.04333945 0.34020849999999997 0.008211699999999999 0.019440999999999996
10 0.19936150000000002 0.2733525 0.020073000000000008 0.008060999999999962
6 0.8916515 0.40706500000000007 0.02965300000000006 0.02987200000000003
6 0.6110855 0.3857275 0.020528999999999974 0.09246100000000004
6 0.5859945 0.5554764999999999 0.05885100000000003 0.082977
6 0.6537405 0.455903 0.06021900000000002 0.06685599999999994
6 0.6635495 0.464201 0.06067499999999999 0.06827799999999992
6 0.13526449999999998 0.9381225000000001 0.05428900000000001 0.02133699999999994
6 0.190237 0.502845 0.080292 0.017544000000000004
10 0.11770100000000001 0.581081 0.017335999999999997 0.008060000000000045
10 0.1149635 0.655761 0.018249000000000005 0.007585999999999959
6 0.21053850000000002 0.3610715 0.046077000000000014 0.014699000000000018
10 0.115648 0.6842105 0.016880000000000006 0.009482999999999997
10 0.111998 0.7681365 0.016880000000000006 0.013276999999999983
10 0.1129105 0.7567565 0.019616999999999996 0.015173000000000058
10 0.06569339999999999 0.8589379999999999 0.017335800000000002 0.01659600000000001
10 0.06911500000000001 0.8482689999999999 0.0187044 0.01707000000000001
10 0.0695712 0.8252725 0.0187044 0.015646999999999876
10 0.06774635 0.8352299999999999 0.016879500000000002 0.014697999999999923
10 0.06797444999999999 0.8105735 0.0173357 0.015647000000000057
10 0.06751825 0.7984825 0.01642330000000001 0.014224999999999887
10 0.06546529999999999 0.7856805 0.016879600000000005 0.014224999999999977
10 0.06888685 0.7757235 0.0173357 0.01517299999999997
10 0.0702555 0.763158 0.018248199999999992 0.017544000000000004
10 0.015510924999999998 0.844476 0.02007295 0.016122000000000015
10 0.0330748 0.8093885000000001 0.0187044 0.014225000000000066
10 0.0127737203125 0.8231390000000001 0.016423359375000002 0.013275999999999932
10 0.0152828296875 0.80844 0.017791940625000002 0.01517400000000002
10 0.034899599999999996 0.7956375 0.017792000000000002 0.01517299999999997
10 0.0328467 0.784021 0.020073 0.017544000000000004
10 0.01482663515625 0.7856805 0.015054729687499999 0.013276999999999983
10 0.0310219 0.7735894999999999 0.0182482 0.014698999999999973
10 0.01596713515625 0.773352 0.0164233296875 0.012328000000000028
10 0.0303376 0.7629210000000001 0.015054799999999998 0.01327600000000002
10 0.015054739843750001 0.763158 0.0136861203125 0.013750000000000017
10 0.01459853984375 0.747985 0.012773720312500004 0.012801999999999935
10 0.0333029 0.7321005 0.017335800000000002 0.009482999999999997
10 0.11177000000000001 0.694879 0.021897999999999994 0.009957999999999956
6 0.20985399999999998 0.37553349999999996 0.049269999999999994 0.016121000000000007
6 0.166743 0.3613085 0.03604 0.015173000000000015
10 0.111542 0.7925555 0.016880000000000006 0.01375099999999998
6 0.426323 0.5561875000000001 0.09078400000000002 0.019915000000000037
6 0.426551 0.472736 0.08759200000000003 0.01707000000000001
6 0.4276915 0.4563775 0.08804700000000003 0.017542999999999954
6 0.4532395 0.357041 0.04242699999999999 0.013275999999999977
6 0.44844899999999993 0.3421055 0.04288400000000001 0.015646999999999966
6 0.8473995000000001 0.196539 0.07527299999999996 0.01280199999999998
6 0.8451184999999999 0.21005250000000003 0.08348500000000011 0.015173000000000015
6 0.825502 0.238502 0.07983599999999998 0.01707000000000001
6 0.8015509999999999 0.265292 0.08029199999999995 0.018491999999999998
6 0.7739510000000001 0.278805 0.03604000000000003 0.013275999999999977
6 0.78125 0.293504 0.0625 0.01707000000000001
6 0.7490875 0.31863450000000004 0.03375900000000005 0.011379000000000028
6 0.7374544999999999 0.33523 0.02326699999999997 0.010431999999999997
6 0.721487 0.3458985 0.08896000000000007 0.021336999999999984
6 0.6947995 0.219061 0.019160999999999984 0.07965800000000003
6 0.5980840000000001 0.21266 0.017335999999999973 0.08108200000000002
6 0.4739965 0.213134 0.015510999999999964 0.08203
6 0.46213499999999996 0.21621600000000002 0.014598000000000066 0.07681400000000001
6 0.4495895 0.214794 0.018704999999999927 0.07871000000000002
6 0.435675 0.2110005 0.018247999999999997 0.08440100000000002
6 0.40898700000000004 0.19962049999999998 0.02235400000000003 0.058795
6 0.3549275 0.2119485 0.020073000000000008 0.07965900000000001
6 0.341925 0.209341 0.022353999999999985 0.09435799999999998
6 0.32687049999999995 0.20459900000000003 0.01870499999999997 0.09056400000000002
6 0.3125 0.20886649999999998 0.020071999999999958 0.08108099999999999
6 0.29812950000000005 0.20862949999999997 0.019616999999999996 0.08060699999999998
6 0.42906000000000005 0.527264 0.08531 0.01707000000000001
6 0.42997250000000004 0.5841635000000001 0.04242700000000008 0.015173000000000058
6 0.1936585 0.30274999999999996 0.08166099999999998 0.01280199999999998
6 0.430429 0.5976765 0.08439800000000001 0.01944100000000004
6 0.1886405 0.317449 0.09260900000000001 0.018491999999999998
6 0.27919700000000003 0.7935040000000001 0.021898000000000018 0.08392600000000003
6 0.262089 0.793741 0.01323000000000003 0.08155600000000005
6 0.38822999999999996 0.7975345 0.017336000000000018 0.08060700000000001
6 0.37568450000000003 0.7980085000000001 0.011405000000000021 0.07681300000000002
6 0.352418 0.7980085 0.01505399999999999 0.07871100000000002
6 0.3339415 0.3942625 0.059307 0.01375099999999998
6 0.3464875 0.367947 0.07801100000000001 0.01422399999999997
6 0.3489965 0.383594 0.072993 0.01137999999999999
6 0.34443450000000003 0.3392605 0.079379 0.01375099999999998
6 0.40396849999999995 0.34020900000000004 0.037864999999999996 0.011853999999999986
6 0.34420599999999996 0.353248 0.030566000000000003 0.014224000000000014
6 0.316378 0.3520625 0.02691600000000003 0.01375099999999998
6 0.362226 0.5120910000000001 0.04835800000000003 0.014224000000000014
6 0.3679285 0.4985775 0.037864999999999996 0.012802999999999986
6 0.3243615 0.6073964999999999 0.04379499999999999 0.01517299999999997
6 0.32572999999999996 0.5934095 0.040146000000000015 0.014699000000000063
6 0.3307485 0.565908 0.046533000000000026 0.014698000000000011
6 0.32801099999999994 0.580133 0.041058 0.017544000000000004
6 0.3695255 0.5953060000000001 0.03832100000000001 0.012802000000000025
6 0.36929749999999995 0.5820295 0.03877700000000002 0.015646999999999966
6 0.3127285 0.6325274999999999 0.04242699999999999 0.016120999999999962
6 0.367929 0.6356094999999999 0.07162400000000005 0.01944099999999995
6 0.4276915 0.623518 0.09078499999999998 0.018018
6 0.434535 0.610953 0.031477999999999985 0.011854000000000031
10 0.11177000000000001 0.78165 0.016424000000000015 0.012802000000000025
10 0.111998 0.8172119999999999 0.016880000000000006 0.013749999999999929
10 0.9343064999999999 0.8044095 0.020073000000000008 0.01375099999999998
10 0.6553375 0.7622095 0.018704999999999927 0.012802999999999986
10 0.6640050000000001 0.745614 0.01779199999999994 0.012802000000000025
10 0.674042 0.721669 0.015967999999999982 0.011380000000000034
10 0.6815694999999999 0.7045994999999999 0.016422999999999986 0.013276999999999983
10 0.685219 0.6953530000000001 0.014597999999999977 0.012802000000000025
10 0.689781 0.6875294999999999 0.015510000000000001 0.013276999999999983
10 0.8017795 0.5924605 0.015055000000000086 0.014698999999999973
10 0.83417 0.6723565 0.01414200000000001 0.017069000000000046
10 0.830292 0.6460405 0.008211999999999975 0.014698999999999973
10 0.8202555 0.6455664999999999 0.008211000000000013 0.01659499999999996
10 0.810219 0.6450925 0.00912399999999991 0.015646999999999966
10 0.8175184999999999 0.6979609999999999 0.0072989999999999 0.014224000000000014
10 0.8072534999999998 0.6993835 0.007755000000000045 0.016120999999999962
10 0.7958485 0.697724 0.008667000000000069 0.015648000000000016
10 0.785584 0.695353 0.011861999999999994 0.017544000000000004
10 0.775091 0.689426 0.013686000000000042 0.01707000000000001
10 0.761861 0.6787575 0.012774000000000018 0.015646999999999966
10 0.7525090000000001 0.6742535000000001 0.015054000000000034 0.01517299999999997
10 0.8070255 0.583689 0.016422999999999986 0.014224000000000014
10 0.7349455 0.5941205 0.016422999999999986 0.013277000000000072
10 0.739507 0.5860595 0.013685999999999953 0.014225000000000066
10 0.7456659999999999 0.5791845 0.016880000000000006 0.014698999999999973
10 0.7534215 0.572546 0.013229000000000024 0.012801999999999935
10 0.7593525 0.5644855 0.015054999999999995 0.01375099999999998
10 0.7728105000000001 0.548364 0.016422999999999986 0.013750000000000017
10 0.7785124999999999 0.5412515 0.01596700000000002 0.015647000000000057
10 0.6610400000000001 0.753912 0.017335999999999973 0.012328000000000028
10 0.6526004999999999 0.7724040000000001 0.016879000000000043 0.01327600000000002
10 0.7890055 0.5263154999999999 0.01596700000000002 0.014224999999999977
10 0.6491785 0.780702 0.015511000000000053 0.011854000000000031
10 0.915146 0.8001425 0.014597999999999977 0.009008999999999911
10 0.897354 0.7859175 0.01551000000000009 0.01659499999999996
10 0.891423 0.761024 0.00912399999999991 0.01707000000000001
10 0.877965 0.729967 0.01414200000000001 0.01659600000000001
10 0.8521899999999999 0.7226174999999999 0.013686000000000042 0.007586999999999922
10 0.8223085000000001 0.8570409999999999 0.007755000000000045 0.01659600000000001
10 0.8125 0.8565670000000001 0.008211999999999975 0.01659600000000001
10 0.7178380000000001 0.8556190000000001 0.008668000000000032 0.01659600000000001
10 0.7287865 0.8551445000000001 0.007755000000000045 0.013751000000000069
10 0.792883 0.8560929999999999 0.008212000000000063 0.013750000000000106
10 0.8312045000000001 0.8036985 0.0072989999999999 0.016120999999999962
10 0.8223079999999999 0.8034610000000001 0.008667999999999943 0.017544000000000004
10 0.8115874999999999 0.8034615 0.008210999999999835 0.01659499999999996
10 0.7755475000000001 0.8041725 0.007298999999999989 0.017068999999999956
10 0.7666515 0.802513 0.007754999999999956 0.017544000000000004
10 0.7577555 0.8015644999999999 0.009124999999999961 0.016595000000000047
10 0.7374544999999999 0.8010905000000001 0.007754999999999956 0.01754300000000004
10 0.7271894999999999 0.7984824999999999 0.006386999999999965 0.016120999999999962
10 0.7744065 0.8549075 0.0068429999999999325 0.016121000000000052
10 0.7639145 0.8551445000000001 0.0068429999999999325 0.014699000000000063
10 0.745438 0.8539595 0.007299999999999951 0.015173000000000058
10 0.689325 0.8518255 0.008211999999999975 0.017542999999999864
10 0.6802005 0.8513515 0.007298999999999989 0.01659499999999987
10 0.669024 0.850403 0.008668000000000032 0.014697999999999923
10 0.6443885 0.8006165 0.015054999999999995 0.009956999999999905
10 0.782847 0.5348504999999999 0.013685999999999953 0.01517299999999997
10 0.795164 0.5170695000000001 0.013686000000000042 0.01375099999999998
10 0.13549250000000002 0.8428165 0.01642300000000001 0.020389000000000122
10 0.4860860000000001 0.94073 0.012318000000000051 0.018018
10 0.20552 0.768374 0.016880000000000006 0.00616399999999997
10 0.22354 0.7600755 0.018247999999999997 0.009482999999999997
10 0.226277 0.7297295 0.018247999999999997 0.00758700000000001
10 0.225821 0.7197725 0.017335999999999973 0.006639000000000017
10 0.2048355 0.7494075 0.016422999999999986 0.008061000000000007
10 0.20643250000000002 0.729493 0.015055000000000018 0.006164000000000058
10 0.2066605 0.7202465 0.01733500000000001 0.008535000000000004
10 0.22650550000000003 0.7102895 0.01870499999999997 0.00758700000000001
10 0.22536500000000004 0.688952 0.016423999999999994 0.007586000000000048
10 0.163093 0.681603 0.01414200000000001 0.00616399999999997
10 0.16446149999999998 0.691086 0.015967 0.00616399999999997
10 0.1635495 0.7022285 0.015054999999999995 0.006639000000000017
10 0.16332149999999998 0.7110005 0.015510999999999987 0.00616500000000002
10 0.1619525 0.7287815 0.019161000000000004 0.00758700000000001
10 0.16126849999999998 0.7382645 0.015054999999999995 0.006639000000000017
10 0.16126849999999998 0.7579420000000001 0.015054999999999995 0.00616399999999997
10 0.1614965 0.767662 0.016422999999999986 0.005689999999999973
10 0.15967150000000002 0.77762 0.014599000000000006 0.006637999999999966
10 0.16126849999999998 0.7880510000000001 0.015967 0.006638000000000055
6 0.214644 0.8487435000000001 0.016880000000000006 0.02465700000000002
10 0.0371807 0.9435755 0.0196168 0.009482999999999997
10 0.17335799999999998 0.905405 0.012773999999999997 0.018491999999999998
10 0.190009 0.8451875000000001 0.013230000000000009 0.016595000000000047
10 0.1783755 0.8451875000000001 0.015511000000000007 0.01944099999999995
10 0.15647799999999998 0.8477954999999999 0.012773999999999997 0.014225000000000066
10 0.2014145 0.778094 0.015054999999999995 0.006637999999999966
10 0.5109484999999999 0.882646 0.010949000000000009 0.018491999999999998
10 0.8729469999999999 0.5225225 0.015054000000000123 0.016121000000000052
10 0.513458 0.854196 0.008668000000000032 0.012801999999999935
10 0.8811585000000001 0.511617 0.015055000000000086 0.014224000000000014
10 0.9048814999999999 0.47984799999999994 0.009581000000000017 0.011380000000000034
10 0.86656 0.4355145 0.01779200000000003 0.015646999999999966
10 0.8718064999999999 0.42745350000000004 0.0173350000000001 0.015646999999999966
10 0.8800180000000001 0.419393 0.017336000000000063 0.015648000000000016
10 0.9158304999999999 0.37695599999999996 0.01961700000000004 0.018018
10 0.9792425000000001 0.24632550000000003 0.01596700000000002 0.016595000000000006
10 0.6977650000000001 0.739213 0.013229999999999987 0.018018
10 0.622719 0.745851 0.012774000000000018 0.01706999999999992
10 0.608805 0.963964 0.01779200000000003 0.0066379999999998775
10 0.718978 0.6631104999999999 0.01642399999999995 0.025131000000000014
10 0.698221 0.6230445 0.01414200000000001 0.01517299999999997
10 0.6640055 0.61119 0.014142999999999972 0.01707000000000001
10 0.630931 0.5732575000000001 0.017336000000000063 0.01232899999999999
10 0.8321169999999999 0.422001 0.013686000000000042 0.016122000000000015
10 0.5976275 0.37174050000000003 0.007298999999999989 0.015173000000000015
10 0.5508665 0.8065434999999999 0.01049300000000004 0.017068999999999956
6 0.505018 0.919393 0.008211999999999975 0.02465599999999988
10 0.5784670000000001 0.9310099999999999 0.011861999999999994 0.017544000000000004
10 0.537865 0.9300615000000001 0.006386000000000003 0.016595000000000047
10 0.5303380000000001 0.9011379999999999 0.008668000000000032 0.015648000000000016
10 0.5278285 0.9272165000000001 0.010036999999999985 0.014699000000000063
10 0.543111 0.8937885 0.009579999999999967 0.020862999999999944
10 0.5355840000000001 0.873874 0.009123999999999998 0.016122000000000015
10 0.5412865 0.8451875000000001 0.013228999999999935 0.015647000000000057
6 0.27189800000000003 0.202229 0.021897999999999973 0.08392600000000001