6 0.9455015 0.2130815 0.08650500000000001 0.05933899999999999
10 0.1730105 0.4268375 0.024221000000000003 0.020228999999999962
10 0.5661765000000001 0.6773429999999999 0.02508699999999999 0.008766000000000052
10 0.4796715 0.6847605 0.02854700000000001 0.011463000000000001
10 0.7833045000000001 0.3745785 0.012975000000000047 0.020902999999999984
10 0.6881484999999999 0.296696 0.02854700000000001 0.012137999999999982
10 0.609862 0.05596765 0.03287199999999997 0.026972299999999998
10 0.24524249999999997 0.8752530000000001 0.026817 0.021577999999999875
10 0.191609 0.8064730000000001 0.026815999999999996 0.021578000000000052
10 0.38062300000000004 0.717802 0.02768200000000003 0.02225199999999994
10 0.32871949999999994 0.478759 0.013840999999999992 0.021577999999999965
10 0.12240500000000001 0.4790965 0.023356 0.022252999999999988
10 0.094723 0.5070805 0.023355999999999988 0.018881000000000016
10 0.131488 0.2650035 0.027682000000000005 0.020229000000000007
10 0.9355534999999999 0.19487549999999998 0.025086999999999905 0.01888099999999999
10 0.10899635 0.24747149999999998 0.0276813 0.02292700000000001
10 0.08044985 0.22892799999999996 0.02768170000000001 0.020904000000000034
10 0.13581300000000002 0.24544850000000001 0.025951999999999996 0.018881000000000016
10 0.24437699999999998 0.2228595 0.02681600000000004 0.01955499999999999
10 0.2093425 0.1999325 0.027681 0.020902999999999984
10 0.1829585 0.181389 0.026817 0.020230000000000015
10 0.1574395 0.166554 0.024221000000000003 0.017532000000000013
10 0.138841 0.15205649999999998 0.023356 0.018206999999999994
10 0.11678199999999998 0.1372215 0.027682000000000005 0.01955499999999999
10 0.06747405 0.123399 0.024221499999999997 0.017531999999999992
10 0.0903978 0.1213755 0.026816399999999997 0.020228999999999987
6 0.6098615000000001 0.6888059999999999 0.09342499999999995 0.026297999999999978
10 0.730969 0.657451 0.031142000000000003 0.022926000000000002
10 0.817474 0.877613 0.02941199999999995 0.023600000000000065
10 0.8205015 0.8540125 0.030277000000000064 0.011463000000000001
10 0.8892735 0.234659 0.01903100000000002 0.017532000000000013
10 0.816609 0.49359450000000005 0.013840000000000074 0.024275
10 0.8066610000000001 0.5276465 0.018165999999999904 0.018206999999999952
10 0.798443 0.5721510000000001 0.022492 0.023599999999999975
10 0.8715399999999999 0.851652 0.016436000000000027 0.018880000000000053
10 0.8576989999999999 0.800742 0.016436000000000027 0.02225199999999994
10 0.8823525 0.8095074999999999 0.015570999999999913 0.023600999999999938
10 0.9026820000000001 0.8162505 0.012975999999999922 0.023601000000000028
10 0.919983 0.823668 0.01816600000000008 0.02090399999999999
10 0.9480965000000001 0.794336 0.01557100000000009 0.021577999999999965
10 0.9325254999999999 0.78793 0.017300999999999966 0.02225200000000003
10 0.9134945 0.777141 0.015570999999999913 0.023599999999999975
10 0.8953285000000001 0.7653405 0.01557100000000009 0.024275
10 0.8788924999999999 0.7542145 0.013840999999999859 0.022252999999999988
10 0.8594290000000001 0.7434255000000001 0.012975999999999922 0.022252999999999988
10 0.841263 0.733985 0.014705999999999974 0.026297999999999978
10 0.8161764999999999 0.740391 0.02681699999999996 0.020230000000000015
10 0.814879 0.7609575 0.031142000000000093 0.01685699999999999
10 0.819204 0.7764665 0.032872000000000054 0.014161000000000002
10 0.8187715000000001 0.792313 0.033736999999999996 0.012137999999999937
10 0.816609 0.8091705000000001 0.031142000000000003 0.010788999999999938
10 0.8205015 0.8219825000000001 0.03200699999999994 0.012136999999999887
10 0.8187715000000001 0.8378285 0.033736999999999996 0.010115000000000051
8 0.5670415 0.508429 0.677335 0.5165200000000001