13 0.21788800000000003 0.2705775 0.016139999999999998 0.022737000000000007
13 0.4628445 0.141428 0.017149000000000036 0.011824000000000012
13 0.6783794999999999 0.7987719999999999 0.017820999999999997 0.020464000000000038
13 0.664257 0.9683945000000002 0.01109600000000004 0.021372999999999996
13 0.666274 0.9379265 0.013785999999999988 0.028649000000000056
13 0.5571624999999999 0.9615735000000001 0.009414999999999996 0.02319300000000002
13 0.5687625 0.9374714999999998 0.009079000000000014 0.021372999999999996
13 0.4260255 0.6091405 0.01412300000000002 0.02319300000000002
13 0.47578999999999994 0.65075 0.015467999999999992 0.014552000000000032
13 0.5072295 0.6502955 0.018493000000000048 0.020008999999999943
13 0.537828 0.632333 0.01849400000000001 0.01773600000000002
13 0.5317755 0.651887 0.011768999999999964 0.02319199999999997
13 0.56809 0.6634835 0.013114000000000025 0.020918999999999955
13 0.558675 0.6368805 0.021856000000000007 0.01591699999999996
13 0.5892735 0.6386995000000001 0.017820999999999997 0.014097000000000026
13 0.625084 0.6580265 0.020174000000000004 0.016371000000000004
13 0.6240755 0.6346065 0.01479499999999998 0.017734999999999966
13 0.6571955 0.640973 0.021183000000000084 0.019554000000000026
13 0.6511435 0.8003640000000001 0.017820999999999997 0.017280000000000052
13 0.622394 0.799454 0.016812000000000004 0.014551999999999943
13 0.6057499999999999 0.8151434999999999 0.01849400000000001 0.021372999999999996
13 0.6903165 0.6398360000000001 0.014795000000000069 0.026376000000000045
13 0.5522865 0.1471125 0.01580300000000001 0.015006999999999993
13 0.5578345 0.8160525 0.01882899999999994 0.017735000000000056
13 0.5536315 0.173488 0.016476999999999985 0.016826000000000008
13 0.46099499999999993 0.29399699999999995 0.010760000000000058 0.02319200000000001
13 0.47881599999999996 0.309914 0.02152000000000003 0.016825999999999963
13 0.5171485 0.308095 0.019503000000000003 0.016826000000000008
13 0.5430400000000001 0.313779 0.02219199999999999 0.014551999999999987
13 0.58423 0.3078675 0.012441999999999976 0.024556999999999985
13 0.5724615 0.33287849999999997 0.023873000000000033 0.015460999999999992
13 0.6951915 0.326057 0.021182999999999997 0.018189999999999974
13 0.66308 0.322647 0.016812000000000004 0.020463999999999993
13 0.631809 0.31787200000000004 0.016812000000000004 0.019100000000000027
13 0.610121 0.3187815 0.016475999999999935 0.013642999999999983
13 0.6474445 0.1762165 0.01580300000000001 0.016825
13 0.665938 0.180082 0.017147999999999986 0.02273799999999999
13 0.733692 0.1823555 0.02151999999999994 0.01728100000000001
13 0.7330194999999999 0.1623465 0.016812999999999967 0.015460999999999992
13 0.7059515000000001 0.163711 0.019838999999999985 0.01455200000000001
13 0.6719905 0.1587085 0.014459 0.012732999999999994
13 0.6476124999999999 0.157344 0.015467000000000031 0.01455200000000001
13 0.6156695 0.1550705 0.017484999999999928 0.014552999999999993
13 0.464694 0.178263 0.012777999999999956 0.020917999999999992
13 0.5946535 0.7971805 0.017820999999999997 0.017281000000000102
13 0.5383324999999999 0.8124145 0.017485000000000018 0.025011000000000026
13 0.6070949999999999 0.3381085 0.015803999999999974 0.014096999999999981
13 0.356254 0.240109 0.010424000000000034 0.029103999999999974
13 0.373907 0.15438849999999998 0.008070000000000022 0.022283000000000008
13 0.3581035 0.1568895 0.01412300000000002 0.023646999999999994
13 0.37542 0.1230105 0.008406000000000002 0.024101000000000018
13 0.361298 0.0879943 0.009751999999999983 0.024101400000000005
13 0.37760550000000004 0.0759436 0.012104999999999987 0.02728520000000001
13 0.37811 0.03842655 0.008406000000000002 0.0204639
13 0.362979 0.030241 0.01647599999999998 0.023192400000000002
13 0.050100900000000004 0.0156889515625 0.010087400000000002 0.029558896875
13 0.050100900000000004 0.06502954999999999 0.014122400000000007 0.030013699999999997
13 0.127438 0.13028650000000003 0.019502 0.014097000000000004
13 0.15988549999999999 0.135289 0.017149000000000015 0.016825999999999987
13 0.2167115 0.14279199999999997 0.019838999999999985 0.013641999999999998
13 0.25655700000000004 0.13983600000000002 0.012778000000000001 0.015915999999999996
13 0.278581 0.1434745 0.01849400000000001 0.015006999999999993
13 0.2832885 0.12710300000000002 0.016476999999999985 0.01591600000000002
13 0.256389 0.125739 0.01647599999999998 0.014097999999999989
13 0.225622 0.123238 0.016139999999999998 0.015461999999999998
13 0.177034 0.11891750000000001 0.013785999999999988 0.01773499999999999
13 0.158877 0.11982750000000002 0.01849400000000001 0.014097000000000004
13 0.3740755 0.20577550000000003 0.011769000000000007 0.025010999999999985
13 0.369536 0.24215550000000002 0.008070000000000022 0.022283000000000008
13 0.5181575 0.7837655 0.012104999999999944 0.021372999999999996
13 0.3691995 0.2751255 0.012104999999999987 0.023646999999999974
13 0.49983199999999994 0.7917235 0.01916599999999997 0.013642999999999983
13 0.49092149999999996 0.8087765000000001 0.016813000000000057 0.014097000000000115
13 0.45763300000000007 0.8080944999999999 0.01950200000000004 0.022737000000000052
13 0.4567925 0.7839929999999999 0.017820999999999997 0.025465999999999944
13 0.437458 0.7855845 0.019501999999999953 0.02683100000000005
13 0.365333 0.7989995000000001 0.017147999999999986 0.016370999999999913
13 0.33961 0.7257844999999999 0.013450000000000007 0.024556999999999985
13 0.358608 0.6805365 0.016476000000000025 0.02501099999999994
13 0.3233015 0.616644 0.020511000000000036 0.011824000000000012
13 0.357095 0.619827 0.016139999999999998 0.013641999999999932
13 0.34784800000000005 0.44383800000000007 0.011095999999999995 0.026376000000000045
13 0.33271649999999997 0.478854 0.009750999999999977 0.016371999999999963
13 0.360121 0.47908150000000005 0.017483999999999965 0.015007000000000038
13 0.36348349999999996 0.4520239999999999 0.013449 0.029103999999999974
13 0.34717549999999997 0.411096 0.012441000000000013 0.02728600000000001
13 0.36667750000000005 0.40063649999999995 0.00975100000000002 0.02364700000000002
13 0.36751849999999997 0.3606185 0.012776999999999993 0.022736999999999962
13 0.35087450000000003 0.35584350000000003 0.011769000000000007 0.025010999999999985
13 0.3564225 0.2764895 0.012105000000000032 0.02364700000000002
13 0.5388365 0.332879 0.02252900000000002 0.01819000000000002
13 0.6339945 0.33833599999999997 0.023200999999999982 0.01819000000000002
13 0.206792 0.6493865 0.01143200000000002 0.027284999999999913
13 0.1835915 0.29195099999999996 0.017484999999999994 0.015461999999999998
13 0.9630130000000001 0.9463394999999999 0.013450000000000096 0.016371000000000004
13 0.8834900000000001 0.95839 0.0104239999999999 0.03137800000000013
13 0.7397444999999999 0.8058209999999999 0.017485000000000018 0.015461999999999953
13 0.730834 0.8244655000000002 0.01916599999999997 0.016371000000000004
13 0.7698385 0.8278760000000001 0.023201000000000072 0.015915999999999996
13 0.778581 0.809459 0.01782200000000005 0.015462000000000132
13 0.8407865000000001 0.8110505 0.012440999999999924 0.012279000000000017
13 0.8586079999999999 0.8326509999999999 0.01109600000000004 0.013641999999999932
13 0.964358 0.8369715 0.01883000000000017 0.01591699999999996
13 0.9640215000000001 0.822419 0.016812999999999967 0.013187999999999889
13 0.9692335 0.657799 0.011768999999999964 0.018644000000000015
13 0.9724280000000001 0.6828105 0.016140000000000043 0.015006999999999947
13 0.9077 0.675762 0.0184940000000001 0.018189999999999974
13 0.9098855 0.6552979999999999 0.012105000000000032 0.017279999999999962
13 0.8740755 0.652342 0.012441000000000101 0.024101999999999978
13 0.847512 0.6728055 0.015803999999999974 0.015007000000000038
13 0.8375925000000001 0.6527965 0.020175000000000054 0.018645000000000068
13 0.8118694999999999 0.66894 0.019167000000000024 0.01819000000000006
13 0.7821115 0.6714415 0.016812999999999967 0.01591699999999996
13 0.17434449999999999 0.269895 0.01580299999999999 0.016826000000000008
13 0.15232 0.29263300000000003 0.018830000000000013 0.01773600000000002
13 0.751009 0.664393 0.01916600000000006 0.017280000000000052
13 0.1200405 0.27103200000000005 0.016812999999999988 0.014551999999999987
13 0.05396775 0.9422464999999999 0.010423699999999998 0.011822999999999872
13 0.03564225 0.8381080000000001 0.020174900000000003 0.015461999999999953
13 0.052959 0.907231 0.014458599999999993 0.021828000000000004
13 0.10406850000000001 0.9452025 0.015131000000000006 0.012279000000000017
13 0.3453265 0.9467939999999999 0.01479499999999998 0.017280000000000052
13 0.20174849999999997 0.9517965 0.016813000000000012 0.009094999999999942
13 0.160558 0.9411094999999999 0.017147999999999986 0.014096999999999938
13 0.10171464999999999 0.6991815000000001 0.012440700000000004 0.013187000000000015
13 0.13668450000000001 0.668031 0.018493000000000002 0.017279999999999962
13 0.031607249999999996 0.6223285 0.008742500000000004 0.02319300000000002
13 0.1353395 0.497499 0.010423000000000005 0.024555999999999932
13 0.2427705 0.6484764999999999 0.011432999999999981 0.022736999999999962
13 0.2479825 0.5718505 0.013786999999999994 0.015007000000000038
13 0.229489 0.5636650000000001 0.010423999999999989 0.02683
13 0.24932749999999998 0.44406549999999995 0.011769000000000007 0.025011000000000026
13 0.1555145 0.2673945 0.012441000000000013 0.02455700000000003
13 0.245965 0.30172800000000005 0.017822000000000005 0.020463999999999993
13 0.25268999999999997 0.3938155 0.015803999999999974 0.022737000000000052
13 0.2834565 0.2992265 0.01479499999999998 0.016371000000000004
13 0.7765635 0.65166 0.017820999999999997 0.014552000000000032
13 0.7231 0.664393 0.01849400000000001 0.01819000000000006
13 0.668628 0.34129149999999997 0.014457999999999948 0.016825
13 0.9848690000000001 0.3437925 0.012777999999999956 0.013642999999999983
13 0.9762945000000001 0.1834925 0.020511000000000123 0.014097000000000004
13 0.7632815 0.1671215 0.020847000000000015 0.02137300000000002
13 0.791863 0.1666665 0.01950200000000004 0.01955500000000001
13 0.804472 0.188722 0.01916599999999997 0.019100000000000006
13 0.83423 0.1919055 0.01815800000000003 0.020919
13 0.8890385000000001 0.19417900000000002 0.020175000000000054 0.017279999999999983
13 0.866678 0.16916799999999999 0.00773400000000013 0.029103999999999998
13 0.9221584999999999 0.357435 0.017820999999999997 0.014551999999999987
13 0.9080359999999998 0.3260575 0.00773400000000013 0.02728499999999996
13 0.892737 0.33674400000000004 0.02017400000000009 0.020463999999999993
13 0.8843305000000001 0.35561600000000004 0.017485000000000105 0.020918000000000037
13 0.857263 0.33492500000000003 0.019165999999999885 0.01773600000000002
13 0.8495294999999998 0.3519785 0.01513100000000005 0.016371000000000004
13 0.8201080000000001 0.331287 0.021520000000000115 0.015915999999999996
13 0.797579 0.34902249999999996 0.01883000000000008 0.014096999999999981
13 0.7900134999999999 0.33106 0.02252899999999993 0.014552000000000032
13 0.7555485 0.349022 0.020175000000000054 0.020463999999999993
13 0.764795 0.330832 0.016476000000000025 0.012278000000000011
13 0.6906525 0.3444745 0.015467000000000031 0.021372999999999996
13 0.9870545 0.2016825 0.01714899999999986 0.010458999999999974
13 0.973941 0.52342 0.01916600000000006 0.015462000000000042
13 0.441157 0.4679399999999999 0.016140000000000043 0.017279999999999962
13 0.8535640000000001 0.495225 0.01849399999999992 0.020917999999999992
13 0.47797599999999996 0.49022299999999996 0.016476000000000025 0.014552000000000032
13 0.506893 0.4997730000000001 0.015803999999999974 0.018189999999999974
13 0.50807 0.47226 0.02152000000000003 0.01773600000000002
13 0.5425355 0.4924965 0.021182999999999997 0.01728100000000001
13 0.543544 0.47407950000000004 0.01916599999999997 0.015007000000000038
13 0.5724615 0.49658949999999996 0.021183000000000084 0.015460999999999992
13 0.6033965 0.49863549999999995 0.020511000000000036 0.014097000000000026
13 0.5961665 0.4774895 0.01479499999999998 0.01273300000000006
13 0.635508 0.4815825 0.016812000000000004 0.020009000000000034
13 0.63349 0.5095495 0.018829999999999993 0.018644999999999978
13 0.6577 0.5020465 0.018829999999999993 0.01728100000000001
13 0.6585409999999999 0.4856755 0.01916599999999997 0.016371000000000004
13 0.6978815 0.502501 0.017149000000000036 0.015461999999999953
13 0.7224280000000001 0.5061395 0.01849400000000001 0.020008999999999943
13 0.7338605 0.48499299999999995 0.017820999999999997 0.015915999999999996
13 0.78228 0.4924965 0.021184000000000047 0.020009000000000034
13 0.7876595 0.5100045 0.01513100000000005 0.01591700000000005
13 0.8189305000000001 0.513415 0.017149000000000036 0.013641999999999932
13 0.8214525 0.49317900000000003 0.017484999999999928 0.016826000000000008
13 0.1232345 0.11095950000000002 0.015131000000000006 0.01637099999999998