13 0.9292339999999999 0.397419 0.011679999999999958 0.015756000000000013
13 0.5546205000000001 0.3794835 0.011337000000000064 0.015420999999999995
13 0.367571 0.454073 0.013053999999999987 0.009051999999999972
13 0.42167650000000007 0.4534025 0.016833000000000008 0.008380999999999972
13 0.34507000000000004 0.45390549999999996 0.01889400000000001 0.009386999999999989
13 0.310718 0.4411665 0.01820599999999999 0.010726999999999976
13 0.22981800000000002 0.455246 0.011680000000000001 0.011397999999999974
13 0.22930250000000002 0.44267500000000004 0.014771000000000001 0.009722000000000008
13 0.21435949999999998 0.4430104999999999 0.012366999999999972 0.011732999999999993
13 0.42064599999999996 0.3493125 0.015458000000000017 0.01273900000000001
13 0.4762969999999999 0.3467985 0.015458000000000017 0.009051000000000009
13 0.4723464999999999 0.33674149999999997 0.013741000000000003 0.009051000000000009
13 0.5400205 0.371103 0.010992999999999942 0.015420000000000034
13 0.5532465 0.33757950000000003 0.009274999999999967 0.01676099999999998
13 0.4117145000000001 0.1485085 0.016833000000000008 0.013409000000000004
13 0.5489520000000001 0.31545449999999997 0.007557999999999954 0.013409000000000004
13 0.43438699999999997 0.335736 0.011336000000000013 0.013073999999999985
13 0.5389900000000001 0.34311100000000005 0.008931999999999985 0.016426000000000007
13 0.53899 0.3053975 0.009618000000000038 0.015420999999999995
13 0.5628650000000001 0.2341605 0.01202399999999999 0.011732999999999993
13 0.5322910000000001 0.2542745 0.009961999999999981 0.019779000000000036
13 0.5211265 0.13325550000000003 0.015114999999999944 0.008380999999999994
13 0.49398850000000005 0.1356015 0.013741000000000003 0.006369000000000002
13 0.4967365 0.15068700000000002 0.011678999999999995 0.015085999999999999
13 0.46616300000000005 0.14867599999999997 0.01717599999999999 0.012404000000000016
13 0.45585699999999996 0.13476400000000002 0.01442799999999993 0.011397999999999997
13 0.325833 0.540228 0.016145999999999994 0.015756000000000013
13 0.3536585 0.540228 0.014771000000000001 0.009722000000000008
13 0.340433 0.5544755 0.013053999999999987 0.009386999999999989
13 0.31501199999999996 0.5534695 0.015115999999999996 0.010057000000000028
13 0.1277915 0.7678515 0.016488999999999997 0.014414999999999978
13 0.14359349999999999 0.7289640000000001 0.009618999999999999 0.015756000000000013
13 0.130196 0.7316459999999999 0.008931999999999985 0.017096
13 0.0559945 0.7370095 0.005496400000000001 0.015085000000000015
13 0.05633805000000001 0.6277235 0.010305700000000006 0.014414999999999978
13 0.1315695 0.673986 0.013741000000000003 0.013743999999999978
13 0.132429 0.6557155 0.0072140000000000095 0.016090999999999946
13 0.0805565 0.08397585 0.012023399999999995 0.017096900000000005
13 0.0731707 0.20181 0.011679799999999995 0.011397999999999997
13 0.07506009999999999 0.2536035 0.010649200000000003 0.019779000000000036
13 0.07093785 0.35517950000000004 0.007901099999999994 0.017097000000000008
13 0.048952249999999996 0.48994299999999996 0.014771499999999998 0.008380000000000009
13 0.137753 0.5762655000000001 0.011680000000000001 0.020784999999999963
13 0.13517700000000002 0.6297349999999999 0.012024000000000012 0.019108000000000035
13 0.154243 0.5663765 0.014427999999999996 0.019779000000000036
13 0.13723800000000003 0.5517934999999999 0.014084000000000008 0.014078999999999998
13 0.1526965 0.49530650000000004 0.006527000000000016 0.01374500000000003
13 0.141532 0.499162 0.008243999999999984 0.014080000000000047
13 0.141532 0.46966149999999995 0.009618000000000015 0.016091000000000032
13 0.1939195 0.45843100000000003 0.011337000000000019 0.019108000000000035
13 0.18035 0.45507850000000005 0.015801999999999983 0.008380999999999972
13 0.199931 0.5444185 0.01717599999999999 0.010726999999999976
13 0.2042255 0.5544755 0.016832999999999987 0.010727000000000065
13 0.4338715000000001 0.14716749999999998 0.02335900000000004 0.010726999999999997
13 0.37598750000000003 0.1366075 0.018206999999999994 0.009050999999999986
13 0.2573 0.6570565 0.01717599999999999 0.012068999999999974
13 0.1698725 0.0789474 0.007901000000000002 0.014415
13 0.159911 0.3489775 0.009962000000000004 0.007374999999999998
13 0.1468565 0.33875299999999997 0.01820700000000002 0.02044999999999999
13 0.1666095 0.32702 0.01717700000000002 0.01642599999999996
13 0.1484025 0.278076 0.016488999999999997 0.018438
13 0.1631745 0.23650700000000002 0.009618999999999999 0.01575599999999997
13 0.1520095 0.233825 0.010648999999999997 0.018438
13 0.1526965 0.16795149999999998 0.015459 0.024807000000000003
13 0.155445 0.1495135 0.016146000000000015 0.018772999999999995
13 0.1666095 0.147 0.007557000000000013 0.013073999999999985
13 0.16952899999999999 0.12236 0.009962000000000004 0.01676199999999999
13 0.1576775 0.1205165 0.008245000000000013 0.014415
13 0.1578495 0.06537040000000001 0.014771000000000001 0.018102600000000003
13 0.327551 0.13711 0.01751999999999998 0.01139800000000002
13 0.6434215 0.046429750000000006 0.008930999999999934 0.0197787
13 0.6234970000000001 0.0415689 0.01717599999999999 0.010057
13 0.5960150000000001 0.043412700000000005 0.019924000000000053 0.009721799999999997
13 0.5602885 0.04240695 0.01580300000000001 0.0130741
13 0.5362415 0.04173655 0.016489000000000066 0.009051299999999995
13 0.504294 0.0440831 0.01786399999999997 0.016426399999999997
13 0.47938849999999994 0.044586 0.01820700000000004 0.008715999999999996
13 0.4541395 0.0440831 0.017176999999999953 0.0103922
13 0.4239095 0.0437479 0.017863000000000007 0.012403600000000004
13 0.2880455 0.0497821 0.014771000000000001 0.009051200000000004
13 0.26331150000000003 0.05045255 0.01958099999999998 0.0097217
13 0.14428000000000002 0.374958 0.014427999999999996 0.019107999999999993
13 0.2265545 0.350151 0.016833000000000008 0.009052000000000015
13 0.252662 0.351492 0.020267999999999998 0.013743999999999978
13 0.24733799999999997 0.33875299999999997 0.015802000000000004 0.009722000000000008
13 0.3016145 0.1384515 0.013741000000000003 0.010057000000000005
13 0.2734455 0.1382835 0.016488999999999976 0.009721000000000002
13 0.5089315 0.247905 0.01339699999999997 0.015756000000000013
13 0.518894 0.2353335 0.016145999999999994 0.008044999999999991
13 0.49209899999999995 0.23198100000000005 0.01202399999999999 0.01676199999999999
13 0.3947095 0.23449549999999997 0.012367000000000017 0.013744999999999985
13 0.4352455 0.247067 0.01923700000000004 0.008715999999999991
13 0.22827200000000003 0.23801550000000002 0.012709999999999999 0.010056999999999983
13 0.266919 0.237848 0.015802000000000004 0.009722000000000008
13 0.2909655 0.238686 0.01648900000000002 0.009386000000000028
13 0.351426 0.2356685 0.01717599999999999 0.01273900000000001
13 0.3411195 0.2494135 0.01511499999999999 0.010726999999999976
13 0.2966335 0.24907849999999998 0.017518999999999972 0.010056999999999983
13 0.2655445 0.24840749999999998 0.020611000000000025 0.009387000000000034
13 0.234284 0.24891050000000003 0.023360000000000002 0.008381000000000017
13 0.41051199999999993 0.3367415 0.015801999999999962 0.009721000000000002
13 0.386465 0.34864249999999997 0.019924000000000008 0.013409000000000004
13 0.364136 0.3481395 0.01717599999999999 0.010393000000000008
13 0.329268 0.349648 0.012709999999999999 0.009386000000000028
13 0.3098595 0.3382505 0.016488999999999976 0.010056999999999983
13 0.30161499999999997 0.349648 0.015802000000000004 0.010728000000000026
13 0.27138450000000003 0.34948049999999997 0.012366999999999972 0.008380999999999972
13 0.2768805 0.339256 0.013741000000000003 0.009386000000000028
13 0.2392645 0.6304055 0.006526999999999994 0.015085000000000015
13 0.2562695 0.6429769999999999 0.01511499999999999 0.010728000000000026
13 0.9122295000000001 0.3940665 0.01614500000000003 0.014414999999999978
13 0.7753349999999999 0.14130099999999998 0.01717599999999999 0.013074000000000007
13 0.7385780000000001 0.23231649999999998 0.021298000000000084 0.012068999999999974
13 0.7150464999999999 0.24254100000000003 0.014771000000000001 0.011734
13 0.7037100000000001 0.23231649999999998 0.015458000000000017 0.008044999999999991
13 0.6846445 0.232484 0.016488999999999976 0.009722000000000008
13 0.6542425 0.2450555 0.01820700000000004 0.010726999999999976
13 0.646685 0.233825 0.017520000000000025 0.007709999999999972
13 0.6181725 0.2445525 0.01614500000000003 0.009051000000000009
13 0.6219515 0.234663 0.01958099999999998 0.009385999999999983
13 0.837341 0.14180399999999999 0.017520000000000025 0.011397999999999997
13 0.8002404999999999 0.1409655 0.013397000000000058 0.00972099999999998
13 0.799897 0.12621549999999998 0.015457999999999927 0.009050999999999986
13 0.7542085000000001 0.1305735 0.009275000000000056 0.017766999999999998
13 0.6691855 0.407308 0.017863000000000007 0.023465999999999987
13 0.7530060000000001 0.10392225 0.010306000000000015 0.019443499999999992
13 0.7523185 0.04408315 0.009618999999999999 0.017096899999999998
13 0.681381 0.0430774 0.014083999999999985 0.014415
13 0.654758 0.1330875 0.02061200000000003 0.01273900000000001
13 0.6312265 0.14398249999999999 0.015459000000000066 0.012403000000000008
13 0.5408795 0.1340935 0.016833000000000008 0.010056999999999983
13 0.6712469999999999 0.3685885 0.016490000000000025 0.017097000000000008
13 0.7310205 0.3248405 0.017863000000000007 0.01877300000000002
13 0.7121264999999999 0.339088 0.018550999999999984 0.018438
13 0.693748 0.3384175 0.016145999999999994 0.017766999999999998
13 0.6894535 0.363057 0.016488999999999976 0.017431999999999982
13 0.798351 0.2339925 0.01717599999999999 0.01273900000000001
13 0.8211955 0.232484 0.016833000000000098 0.01642599999999996
13 0.7798005 0.274053 0.012366999999999972 0.017096
13 0.6454825 0.5414015 0.008245000000000058 0.007375000000000043
13 0.8859495 0.40898399999999996 0.016489000000000153 0.011397999999999974
13 0.8459289999999999 0.40680550000000004 0.014083999999999897 0.009051000000000009
13 0.8263484999999999 0.400436 0.014085000000000037 0.015086000000000021
13 0.8464444999999999 0.38233300000000003 0.018551000000000074 0.016426000000000007
13 0.8830294999999999 0.30925250000000004 0.009275000000000056 0.011063
13 0.9244245 0.298022 0.019925000000000102 0.01676199999999999
13 0.945208 0.2869595 0.024390000000000002 0.01877300000000002
13 0.932841 0.166108 0.01820599999999999 0.020450000000000013
13 0.9196154999999999 0.1407975 0.009618999999999999 0.015420999999999995
13 0.9055305 0.131076 0.009618999999999999 0.020784000000000004
13 0.9055305 0.1640965 0.00824499999999997 0.01843699999999999
13 0.906561 0.1853835 0.010305999999999926 0.01609100000000001
13 0.9002060000000001 0.215387 0.012709999999999866 0.021119999999999983
13 0.8828585 0.275059 0.01099300000000003 0.019107999999999993
13 0.840433 0.3464635 0.014771999999999962 0.016427000000000015
13 0.8181035000000001 0.374958 0.01339699999999997 0.015085999999999978
13 0.8016145 0.39289300000000005 0.009963000000000033 0.01139800000000002
13 0.7761935 0.41166650000000005 0.01958099999999998 0.01877300000000002
13 0.7366885 0.4820650000000001 0.014085000000000037 0.020784000000000004
13 0.9448640000000001 0.49798849999999995 0.020267999999999908 0.011062999999999957
13 0.8856065000000001 0.49899450000000006 0.016489000000000153 0.014415000000000067
13 0.8515975000000001 0.49983249999999996 0.020611000000000067 0.01340899999999996
13 0.806252 0.49899400000000005 0.022671999999999935 0.018438
13 0.6463415 0.308582 0.012711000000000005 0.017096
13 0.68327 0.502179 0.014428000000000019 0.017431999999999982
13 0.315184 0.6429769999999999 0.017520000000000025 0.010728000000000026
13 0.4295775 0.7437145000000001 0.014771000000000001 0.016427000000000015
13 0.3079695 0.8860209999999998 0.016833000000000008 0.011397999999999974
13 0.1554445 0.9007715000000001 0.018206999999999994 0.010056999999999938
13 0.21916849999999996 0.9006035000000001 0.012367000000000017 0.011062999999999868
13 0.187736 0.8892054999999999 0.015457999999999994 0.009720999999999869
13 0.15493 0.890546 0.014427999999999996 0.007039999999999935
13 0.132944 0.8920545000000001 0.01717599999999999 0.010056999999999938
13 0.48505649999999995 0.5405635 0.013741000000000003 0.008380999999999972
13 0.435761 0.55062 0.017520000000000025 0.007709999999999972
13 0.5221574999999999 0.6594035 0.015115000000000035 0.010056999999999938
13 0.43163850000000004 0.6407975 0.016833000000000008 0.011732999999999993
13 0.4081075 0.641301 0.017863000000000007 0.011397999999999974
13 0.400206 0.772042 0.014428000000000019 0.011397999999999974
13 0.6650634999999999 0.5246394999999999 0.010992999999999942 0.01676099999999998
13 0.3883545 0.762152 0.018206999999999994 0.010391999999999957
13 0.3325315 0.817801 0.012367000000000017 0.015085999999999978
13 0.3522845 0.779249 0.016832999999999966 0.01642600000000005
13 0.2330815 0.7641635 0.010648999999999997 0.019778999999999946
13 0.23548650000000002 0.73701 0.007900999999999981 0.018438
13 0.23325300000000002 0.7111965 0.011680000000000001 0.017766999999999998
13 0.3368255 0.7616495000000001 0.007901000000000024 0.016091000000000032
13 0.34026100000000004 0.6837075 0.01751999999999998 0.01374500000000003
13 0.3615595 0.6775059999999999 0.012711000000000005 0.014749999999999996
13 0.3586395 0.65471 0.008931000000000022 0.016762000000000034
13 0.3339055 0.6645995 0.010992999999999985 0.016427000000000015
13 0.32978399999999997 0.8990950000000002 0.014428000000000019 0.011397999999999974
13 0.3825145 0.8900435 0.016833000000000008 0.014078999999999908
13 0.402267 0.880657 0.019923999999999963 0.012068000000000013
13 0.39075899999999997 0.872444 0.01751999999999998 0.013073999999999942
13 0.6336309999999999 0.601576 0.01202399999999999 0.018438
13 0.630711 0.6257125 0.010306000000000015 0.017096999999999963
13 0.6322565 0.6759975 0.007901000000000024 0.011732999999999993
13 0.6188594999999999 0.6847135 0.014084999999999948 0.017766999999999998
13 0.6983855 0.7650015 0.02267299999999999 0.030170999999999993
13 0.60237 0.47452249999999996 0.016145999999999994 0.016426999999999924
13 0.5652695 0.45172650000000003 0.01820700000000004 0.011732999999999993
13 0.543112 0.45709 0.018549999999999935 0.015756000000000013
13 0.502233 0.45239650000000003 0.01580200000000005 0.017096999999999963
13 0.567331 0.586155 0.016145999999999994 0.015085999999999978
13 0.5668155 0.5710695 0.021299000000000047 0.016427000000000015
13 0.5371005 0.5522959999999999 0.012711000000000005 0.01307400000000003
13 0.526967 0.56118 0.01855000000000002 0.014749999999999996
13 0.5075575 0.5539725 0.01958099999999998 0.015085000000000015
13 0.5139125 0.5439155 0.015114999999999944 0.011062999999999957
13 0.6188594999999999 0.9478715000000001 0.028512999999999965 0.02313099999999988
13 0.526108 0.9235669999999999 0.009961999999999981 0.014080000000000047
13 0.42597000000000007 0.963292 0.01442799999999993 0.01709600000000009
13 0.47956000000000004 0.840094 0.01717599999999999 0.016761999999999944
13 0.45396749999999997 0.8632249999999999 0.020955000000000012 0.017431999999999982
13 0.43902450000000004 0.8553470000000001 0.017863000000000007 0.015756000000000013
13 0.42494 0.8717735000000001 0.017864000000000057 0.012402999999999942
13 0.42184799999999995 0.8602074999999999 0.015801999999999962 0.016090999999999946
13 0.22947449999999997 0.04827355 0.017863000000000007 0.014750299999999994