6 0.8902284999999999 0.9152695 0.02601500000000012 0.02438299999999991
6 0.5442575 0.4457485 0.01871900000000002 0.020420999999999977
6 0.5139595 0.39164849999999996 0.022842999999999947 0.021334999999999972
6 0.5272845 0.3930205 0.022843000000000037 0.020420999999999977
6 0.538071 0.3945445 0.022208000000000006 0.020421000000000022
6 0.5532994999999999 0.39241099999999995 0.022209000000000055 0.020419999999999973
6 0.5626585000000001 0.395916 0.021891000000000015 0.02194400000000001
6 0.576935 0.3954585 0.023160000000000024 0.020420999999999977
6 0.5204635 0.445596 0.019986999999999977 0.020115999999999978
6 0.5322020000000001 0.44635800000000003 0.02062200000000001 0.020420000000000015
6 0.5555205 0.444834 0.018401000000000067 0.01920199999999994
6 0.879759 0.9170985 0.024746000000000025 0.026210999999999984
6 0.581853 0.448339 0.019669999999999986 0.019505999999999978
6 0.595019 0.44925350000000003 0.019988000000000027 0.018897000000000032
6 0.6086615 0.45077749999999994 0.019353 0.020725000000000014
6 0.6191305 0.45001499999999994 0.019986999999999977 0.021030000000000014
6 0.5096765 0.467693 0.021891000000000015 0.01920200000000003
6 0.5233185 0.467693 0.021257000000000036 0.01920200000000003
6 0.5379125 0.466169 0.020621000000000046 0.01920199999999994
6 0.5466369999999999 0.4702835 0.021573999999999937 0.020115000000000015
6 0.6227795 0.3751905 0.020938999999999996 0.02194499999999997
6 0.6107235 0.375038 0.020938999999999996 0.021029999999999972
6 0.598192 0.3739715 0.02062200000000001 0.021945000000000013
6 0.585184 0.372295 0.021255999999999987 0.021030000000000014
6 0.6129445 0.2994515 0.020938999999999996 0.02163900000000001
6 0.6246824999999999 0.297623 0.020938999999999996 0.021029999999999972
6 0.5199875 0.31606199999999995 0.022843000000000037 0.020726000000000022
6 0.5317255 0.31804350000000003 0.023477000000000015 0.020421000000000022
6 0.5414019999999999 0.320329 0.023794000000000003 0.020115999999999978
6 0.5550444999999999 0.3200245 0.023794999999999965 0.021334999999999972
6 0.569638 0.31819549999999996 0.023159999999999938 0.021335000000000014
6 0.5799495 0.321396 0.023477000000000015 0.021029999999999972
6 0.592481 0.3209385 0.023160000000000024 0.021334999999999972
6 0.605806 0.3204815 0.022525999999999956 0.021030999999999977
6 0.61802 0.3212435 0.022208000000000006 0.020724999999999973
6 0.6311865 0.32215800000000006 0.02315900000000006 0.020726000000000022
6 0.5228425 0.3706185 0.020305000000000017 0.021335000000000014
6 0.5336295 0.36833299999999997 0.020938999999999996 0.021639999999999972
6 0.5448925 0.36879 0.021890999999999928 0.020115999999999978
6 0.5586925 0.36970400000000003 0.020938999999999996 0.020116000000000023
6 0.572018 0.3724475 0.019669999999999986 0.021335000000000014
6 0.561707 0.46845499999999995 0.02062200000000001 0.019505999999999978
6 0.5743975000000001 0.46814999999999996 0.021891000000000015 0.019505999999999978
6 0.5869289999999999 0.46799749999999996 0.021573999999999937 0.019810999999999978
6 0.5601205 0.5940265 0.021257000000000036 0.020725000000000014
6 0.599778 0.5979885 0.01998799999999994 0.020115000000000015
6 0.6105645 0.597379 0.019987000000000067 0.020115999999999978
6 0.5060279999999999 0.6124655 0.022841999999999984 0.019810999999999978
6 0.516815 0.6150565 0.022208000000000006 0.01950700000000003
6 0.541561 0.616123 0.022208000000000006 0.01920200000000003
6 0.556631 0.6159705000000001 0.02062200000000001 0.018897000000000032
6 0.5671005 0.61658 0.019987000000000067 0.019505999999999978
6 0.580425 0.6164275 0.021255999999999987 0.019810999999999978
6 0.592481 0.6176470000000001 0.021255999999999987 0.01920199999999994
6 0.604378 0.618104 0.021574000000000027 0.019505999999999978
6 0.6175444999999999 0.619171 0.02125699999999995 0.01981200000000003
6 0.5572655 0.6702225 0.022524999999999996 0.023163
6 0.569638 0.6705275 0.021256000000000073 0.021945000000000013
6 0.582646 0.6717465 0.021889999999999965 0.021945000000000013
6 0.5943845 0.6722035 0.021891000000000015 0.022249000000000053
6 0.608185 0.6732704999999999 0.019669999999999986 0.018897000000000032
6 0.5356915 0.6915575 0.026332999999999985 0.023163
6 0.5869289999999999 0.5975315 0.020304000000000055 0.020420999999999977
6 0.550603 0.5957025 0.021255999999999987 0.021030999999999977
6 0.597874 0.4705885 0.023160000000000024 0.018897000000000032
6 0.538547 0.5952455000000001 0.021255999999999987 0.020724999999999928
6 0.6051715 0.475617 0.021891000000000015 0.018591999999999942
6 0.6259520000000001 0.47013099999999997 0.021574000000000027 0.01920200000000003
6 0.5157045 0.51783 0.021891000000000015 0.020725999999999977
6 0.527443 0.5184395 0.021255999999999987 0.020115000000000015
6 0.538547 0.51783 0.019988000000000027 0.020115999999999978
6 0.552982 0.5196585 0.019036000000000008 0.021335000000000014
6 0.563769 0.5193540000000001 0.020303999999999968 0.020726000000000067
6 0.5756665 0.5196585 0.019987000000000067 0.021335000000000014
6 0.5088834999999999 0.539165 0.022843000000000037 0.020725999999999977
6 0.5190355 0.542365 0.02220899999999997 0.021030000000000014
6 0.532995 0.5412985 0.022841999999999984 0.020725000000000014
6 0.5461615 0.5414505000000001 0.021891000000000015 0.020420999999999977
6 0.559327 0.5419080000000001 0.022208000000000006 0.01889599999999998
6 0.5699555000000001 0.5438895 0.022524999999999996 0.019811000000000068
6 0.580108 0.544651 0.022526000000000046 0.020725999999999977
6 0.594543 0.5460225000000001 0.022841999999999984 0.019810999999999978
6 0.5260155 0.594788 0.020938999999999996 0.021029999999999927
6 0.5877220000000001 0.297013 0.021255999999999987 0.021029999999999972
6 0.575666 0.2976225 0.021255999999999987 0.020420999999999977
6 0.5640864999999999 0.2971655 0.020305000000000017 0.020114999999999973
6 0.43797600000000003 0.15650750000000002 0.021255999999999987 0.019811000000000002
6 0.46018400000000004 0.15864050000000002 0.024427999999999984 0.020421
6 0.47430199999999995 0.15818349999999998 0.023477999999999978 0.020724999999999993
6 0.48699250000000005 0.15818349999999998 0.023477000000000015 0.020724999999999993
6 0.497938 0.16062150000000003 0.023794000000000003 0.021334999999999993
6 0.522684 0.162908 0.023160000000000024 0.021029999999999993
6 0.5356915000000001 0.1618405 0.022524999999999996 0.021334999999999993
6 0.558217 0.163822 0.023794000000000003 0.020420000000000015
6 0.573445 0.16275499999999998 0.023160000000000024 0.020116000000000002
6 0.5845494999999999 0.1636695 0.021257000000000036 0.020725000000000014
6 0.5973984999999999 0.1644315 0.022842999999999947 0.020421
6 0.521891 0.1383725 0.019669999999999986 0.018287000000000008
6 0.534264 0.139287 0.020304000000000055 0.017677999999999992
6 0.545844 0.140049 0.01998799999999994 0.018591999999999987
6 0.568369 0.1441635 0.02062200000000001 0.017676999999999988
6 0.3461295 0.20664449999999998 0.02093900000000004 0.021334999999999993
6 0.358344 0.20786349999999998 0.021255999999999987 0.020724999999999993
6 0.371034 0.20832099999999998 0.021255999999999987 0.021029999999999993
6 0.4462245 0.159555 0.023794999999999965 0.022250000000000013
6 0.42481 0.15711650000000002 0.022208000000000006 0.019811000000000002
6 0.3953045 0.208778 0.020305000000000017 0.020725999999999977
6 0.41323 0.1558975 0.021255999999999987 0.01920099999999998
6 0.3355015 0.1322765 0.022524999999999996 0.020725000000000014
6 0.347557 0.1330385 0.021256000000000032 0.020421
6 0.3602475 0.133191 0.02125699999999999 0.020116000000000002
6 0.373414 0.132277 0.022208000000000006 0.020115999999999978
6 0.385152 0.1339535 0.021573999999999982 0.019811000000000002
6 0.407836 0.137001 0.018717999999999967 0.01798200000000001
6 0.42084399999999994 0.1363915 0.021256000000000073 0.019201000000000003
6 0.4351205 0.13517200000000001 0.020621000000000046 0.018591999999999987
6 0.447811 0.1359345 0.02062200000000001 0.018286999999999987
6 0.47097100000000003 0.1368485 0.02062200000000001 0.018897000000000008
6 0.4827095 0.1385245 0.019353 0.017372999999999993
6 0.4938135 0.139896 0.019987000000000067 0.017067999999999993
6 0.3378805 0.15269749999999999 0.022842999999999992 0.021335000000000014
6 0.364848 0.1523925 0.022208000000000006 0.018896999999999987
6 0.3769035 0.15269749999999999 0.020938999999999996 0.018896999999999987
6 0.388166 0.153764 0.02062200000000001 0.018592000000000008
6 0.4014915 0.1543735 0.021890999999999973 0.019201000000000003
6 0.382773 0.20832099999999998 0.021255999999999987 0.021639999999999993
6 0.4086295 0.2106065 0.02093900000000004 0.020115000000000015
6 0.551396 0.296708 0.021574000000000027 0.021639999999999972
6 0.5302979999999999 0.21426350000000002 0.021255999999999987 0.021334999999999972
6 0.5561545000000001 0.21593999999999997 0.020938999999999996 0.021639999999999972
6 0.5807425 0.2171595 0.021891000000000015 0.020420999999999977
6 0.5931155 0.21792100000000003 0.021257000000000036 0.022554000000000008
6 0.606599 0.21807400000000002 0.022841999999999984 0.021640000000000013
6 0.48905449999999995 0.23437950000000002 0.021257000000000036 0.021945000000000013
6 0.5030140000000001 0.23636049999999997 0.021255999999999987 0.022859000000000008
6 0.513642 0.23422749999999998 0.020303999999999968 0.022859000000000008
6 0.528236 0.23742749999999999 0.02093999999999996 0.021945000000000013
6 0.539816 0.23681799999999997 0.021255999999999987 0.02194400000000001
6 0.551237 0.2368185 0.021255999999999987 0.021335000000000014
6 0.563293 0.23681799999999997 0.02062200000000001 0.02194400000000001
6 0.5777285 0.23864650000000004 0.020939000000000086 0.02194499999999997
6 0.588357 0.23925650000000004 0.02062200000000001 0.02194499999999997
6 0.6000949999999999 0.2387995 0.020621999999999918 0.022859000000000008
6 0.613737 0.24001799999999998 0.021255999999999987 0.021639999999999972
6 0.5247465 0.293508 0.022842999999999947 0.022554000000000008
6 0.539816 0.2965555 0.02062200000000001 0.021334999999999972
6 0.5412440000000001 0.2121305 0.022208000000000006 0.020725000000000014
6 0.5193524999999999 0.213807 0.020938999999999996 0.021030000000000014
6 0.4200505 0.2098445 0.020938999999999996 0.02163900000000001
6 0.5072965 0.2141115 0.020938999999999996 0.02163900000000001
6 0.432424 0.210149 0.021573999999999937 0.021030000000000014
6 0.4441625 0.2103015 0.020938999999999996 0.021335000000000014
6 0.31567249999999997 0.2252365 0.02157300000000002 0.021334999999999972
6 0.3289975 0.2273695 0.020305000000000017 0.020725000000000014
6 0.3534265 0.22843650000000001 0.020938999999999996 0.021031000000000022
6 0.3657995 0.228741 0.020938999999999996 0.021640000000000013
6 0.3776965 0.2288935 0.021891000000000015 0.021335000000000014
6 0.38959350000000004 0.228741 0.020938999999999996 0.021640000000000013
6 0.4018085 0.229656 0.02125699999999999 0.021030000000000014
6 0.4138645 0.229351 0.021891000000000015 0.021030000000000014
6 0.426237 0.23057 0.021255999999999987 0.022250000000000013
6 0.44019700000000006 0.23194150000000002 0.02062200000000001 0.021334999999999972
6 0.4522525 0.2323985 0.020621000000000046 0.020420999999999977
6 0.46319800000000005 0.231027 0.02093999999999996 0.022554000000000008
6 0.469702 0.21273999999999998 0.021255999999999987 0.02194400000000001
6 0.48207500000000003 0.21258749999999998 0.021255999999999987 0.02163900000000001
6 0.49460650000000006 0.213197 0.020938999999999996 0.021030000000000014
6 0.5234775 0.6915575 0.026014999999999944 0.024383
6 0.51269 0.689119 0.022208000000000006 0.019505999999999978
6 0.4993655 0.6897285 0.024110999999999994 0.021335000000000014
6 0.8464465000000001 0.531698 0.025380999999999966 0.026515999999999984
6 0.8724620000000002 0.533374 0.025380000000000003 0.024992000000000035
6 0.7165290000000001 0.5505945000000001 0.028235999999999973 0.025297000000000035
6 0.7522209999999999 0.5527274999999999 0.027283999999999954 0.022858999999999963
6 0.764435 0.5533374999999999 0.025698000000000044 0.022858999999999963
6 0.7771255 0.553795 0.026966999999999963 0.022553999999999963
6 0.7893399999999999 0.5551665 0.02791800000000002 0.022859000000000053
6 0.8025065 0.555014 0.026332999999999985 0.023164000000000053
6 0.8134515 0.555928 0.026014999999999944 0.021943999999999964
6 0.8264595 0.555928 0.026014999999999944 0.023163999999999962
6 0.838991 0.556233 0.025698000000000044 0.022553999999999963
6 0.8515229999999999 0.556995 0.02728400000000004 0.023468
6 0.8640545 0.5580615 0.026332999999999985 0.023163
6 0.8770620000000001 0.558976 0.026331999999999845 0.023164000000000053
6 0.7087565 0.6022554999999999 0.02601500000000003 0.028040999999999983
6 0.720336 0.5996645 0.025698000000000044 0.025906999999999947
6 0.7438135 0.6014934999999999 0.024428999999999944 0.025907000000000034
6 0.754283 0.6007315 0.025063999999999975 0.024992999999999998
6 0.85882 0.5312405 0.026650000000000063 0.026210999999999984
6 0.8340735 0.5312405 0.026014999999999944 0.025600999999999985
6 0.8061550000000001 0.605151 0.024746000000000025 0.024687999999999998
6 0.8204315000000001 0.5303264999999999 0.025380999999999966 0.026820999999999984
6 0.7666565000000001 0.48064599999999996 0.026967000000000053 0.022553999999999963
6 0.793623 0.48064599999999996 0.025697999999999954 0.022553999999999963
6 0.806948 0.4792745 0.025697999999999954 0.022249000000000053
6 0.8174175 0.4823225 0.02696700000000014 0.022859000000000053
6 0.8296320000000001 0.48217 0.02728400000000004 0.023164000000000053
6 0.842481 0.4832369999999999 0.025698000000000044 0.024687999999999998
6 0.8540610000000001 0.48430350000000005 0.02728400000000004 0.023773
6 0.8662755000000001 0.4856755 0.026966999999999963 0.022858999999999963
6 0.8795999999999999 0.4861325000000001 0.026332000000000022 0.023773
6 0.71177 0.5257545 0.025698000000000044 0.026210999999999984
6 0.7249365 0.527431 0.025380999999999966 0.026515999999999984
6 0.7361995 0.527431 0.025063000000000012 0.027125999999999983
6 0.7485725000000001 0.5262114999999999 0.025063000000000012 0.025297000000000035
6 0.773636 0.529107 0.025697999999999954 0.026822000000000033
6 0.7861675 0.530326 0.022842999999999947 0.026211999999999947
6 0.7988575 0.530936 0.023476999999999925 0.025601999999999948
6 0.8096445000000001 0.5309355 0.02601500000000003 0.026210999999999984
6 0.7677665 0.6022555 0.025380999999999966 0.024992999999999998
6 0.8170999999999999 0.603932 0.025698000000000044 0.027125999999999983
6 0.7423854999999999 0.479122 0.02601500000000003 0.023164000000000053
6 0.7660215 0.6779949999999999 0.025062999999999926 0.024078
6 0.8031410000000001 0.6792135 0.023794000000000003 0.025906999999999947
6 0.8159894999999999 0.6795185 0.025380999999999966 0.025296999999999948
6 0.8283629999999998 0.6804330000000001 0.025380000000000003 0.023468
6 0.8518399999999999 0.6805855 0.024746000000000025 0.024383
6 0.7101839999999999 0.6979580000000001 0.027601999999999995 0.023773999999999962
6 0.722081 0.6996344999999999 0.026649999999999972 0.022859000000000053
6 0.7339785 0.7014630000000001 0.026966999999999963 0.023468
6 0.7468275 0.70253 0.024110999999999994 0.023163999999999962
6 0.7588834999999999 0.7016155 0.02601500000000003 0.023163
6 0.7710975 0.7023775000000001 0.025063000000000012 0.022858999999999963
6 0.7963195 0.7037485 0.025380999999999966 0.024383
6 0.8212244999999999 0.7045109999999999 0.025062999999999926 0.023468
6 0.8458124999999999 0.704968 0.025380999999999966 0.023163999999999962
6 0.858344 0.704663 0.025064000000000065 0.022553999999999963
6 0.832011 0.9132885 0.025698000000000044 0.025297000000000125
6 0.853585 0.9154225 0.025064000000000065 0.025296999999999948
6 0.8656410000000001 0.9154219999999998 0.025698000000000044 0.025905999999999985
6 0.777443 0.6770805 0.026332000000000022 0.025297000000000035
6 0.754283 0.6778425 0.025063999999999975 0.026821000000000074
6 0.84375 0.6063700000000001 0.026332000000000022 0.025297999999999998
6 0.7415925 0.6764705 0.022524999999999996 0.025297000000000035
6 0.8546955 0.6051505 0.025380999999999966 0.025297000000000035
6 0.8691305 0.6075895 0.024428999999999944 0.025296999999999948
6 0.7114535 0.6258765000000001 0.026966999999999963 0.022858999999999963
6 0.7252535 0.6255715000000001 0.025380999999999966 0.022858999999999963
6 0.7369925 0.6270955 0.026649000000000013 0.022249000000000053
6 0.749841 0.6267905 0.025698000000000044 0.021639000000000054
6 0.7593595000000001 0.628162 0.026967000000000053 0.023163999999999962
6 0.77427 0.6289239999999999 0.025698000000000044 0.021639999999999927
6 0.7866435 0.6296860000000001 0.026332999999999985 0.022553999999999963
6 0.8090105 0.6306005000000001 0.027918999999999895 0.023773
6 0.8247145 0.6306005000000001 0.025063000000000103 0.023163
6 0.8342320000000001 0.63182 0.02760200000000008 0.025601999999999948
6 0.859454 0.6325815 0.026650000000000063 0.022858999999999963
6 0.8727789999999999 0.633496 0.026649999999999886 0.022250000000000013
6 0.7022525 0.672966 0.025063000000000012 0.025601999999999948
6 0.7168464999999999 0.674794 0.023795000000000056 0.02499199999999995
6 0.7298545 0.675709 0.024428999999999944 0.025602000000000034
6 0.7557105 0.47897 0.027918999999999982 0.023468
6 0.7304885000000001 0.4774459999999999 0.02633300000000007 0.023468
6 0.5282359999999999 0.748857 0.024746000000000025 0.02499199999999995
6 0.381821 0.74459 0.023794000000000003 0.023164000000000053
6 0.4018085 0.747028 0.018718999999999975 0.017067999999999993
6 0.7225569999999999 0.30295649999999996 0.025063999999999975 0.024992999999999998
6 0.7323919999999999 0.3015845 0.025063999999999975 0.025296999999999993
6 0.7480965 0.305242 0.024746999999999984 0.026515999999999984
6 0.758883 0.3040235 0.024746000000000025 0.025907000000000034
6 0.7848984999999999 0.306614 0.026014999999999944 0.025601999999999993
6 0.796796 0.306614 0.023160000000000024 0.025601999999999993
6 0.725254 0.32825350000000003 0.02728400000000004 0.024383
6 0.7374685 0.3302345 0.026967000000000053 0.023469000000000007
6 0.7498414999999999 0.331149 0.026967000000000053 0.023468
6 0.7766500000000001 0.329168 0.026649999999999972 0.023164000000000008
6 0.786961 0.3325205 0.025698000000000044 0.024992999999999998
6 0.8007614999999999 0.3322155 0.026649000000000013 0.023773
6 0.8128169999999999 0.331911 0.026649999999999972 0.023164000000000008
6 0.8258245000000001 0.3322155 0.026014999999999944 0.024383
6 0.8367705000000001 0.3332825 0.026333000000000162 0.024686999999999994
6 0.8502535 0.3329775 0.026014999999999944 0.022859000000000008
6 0.39165599999999995 0.7455040000000001 0.022526 0.022553999999999963
6 0.36786149999999995 0.7436754999999999 0.02696700000000001 0.024383
6 0.8577095 0.308443 0.022524999999999906 0.025601999999999993
6 0.3393085 0.747181 0.026332999999999985 0.024687999999999998
6 0.5409265 0.7499235000000001 0.024110999999999994 0.025907000000000034
6 0.552665 0.749619 0.025380000000000003 0.027125999999999983
6 0.565355 0.750229 0.024746000000000025 0.027125999999999983
6 0.5777285 0.7509905 0.025380999999999966 0.026210999999999984
6 0.6012055000000001 0.7505335000000001 0.024746999999999984 0.025907000000000034
6 0.49651049999999997 0.769887 0.02855300000000005 0.023163999999999962
6 0.5193524999999999 0.771716 0.02601500000000003 0.024382000000000036
6 0.5325195 0.7733925 0.026966999999999963 0.022859000000000053
6 0.544416 0.7758305 0.026650000000000063 0.022859000000000053
6 0.5807420000000001 0.7761355 0.025697999999999954 0.022249000000000053
6 0.6037440000000001 0.7773545000000001 0.026649999999999972 0.022858999999999963
6 0.4847715 0.8384640000000001 0.027918999999999982 0.023164000000000053
6 0.49000649999999996 0.8454740000000001 0.026332999999999985 0.023164000000000053
6 0.5268085 0.8474550000000001 0.026966999999999963 0.024077999999999912
6 0.55092 0.8494360000000001 0.021889999999999965 0.019505999999999978
6 0.515546 0.8968299999999999 0.022208000000000006 0.02468799999999991
6 0.329949 0.742761 0.022208000000000006 0.01950600000000007
6 0.8461295 0.30829 0.025380999999999966 0.024687999999999998
6 0.8699239999999999 0.309052 0.025380000000000003 0.024991999999999993
6 0.875159 0.457787 0.023160000000000024 0.02499199999999995
6 0.7971125 0.406736 0.026966999999999963 0.024078000000000044
6 0.8221765000000001 0.406736 0.026966999999999963 0.023468000000000044
6 0.8350255000000001 0.4078025 0.026648999999999923 0.023163
6 0.85993 0.406736 0.026332000000000022 0.023468000000000044
6 0.8699239999999999 0.41024099999999997 0.02728400000000004 0.022554000000000008
6 0.8821384999999999 0.41161250000000005 0.026966999999999963 0.023468999999999962
6 0.7143084999999999 0.45031999999999994 0.025063000000000012 0.025905999999999985
6 0.7255710000000001 0.44940549999999996 0.024745999999999935 0.025907000000000034
6 0.7377855 0.4506245 0.025063000000000012 0.025906999999999947
6 0.7528555 0.4545870000000001 0.026014999999999944 0.025297999999999998
6 0.7639595 0.45352049999999994 0.025380999999999966 0.026211000000000075
6 0.7766495 0.45367250000000003 0.025380999999999966 0.024687000000000035
6 0.78934 0.4545870000000001 0.024112000000000043 0.025297999999999998
6 0.8012374999999998 0.4548915 0.026966999999999963 0.025296999999999948
6 0.8145620000000001 0.455959 0.025063999999999885 0.025601999999999948
6 0.8362944999999999 0.4551965 0.023477000000000102 0.025906999999999947
6 0.849302 0.45489199999999996 0.023478000000000065 0.026515999999999984
6 0.8632615000000001 0.4582445 0.024111000000000084 0.025906999999999947
6 0.809486 0.406736 0.025697999999999954 0.024078000000000044
6 0.7852155 0.405517 0.02601500000000003 0.024078
6 0.8830899999999999 0.309357 0.023794000000000003 0.025601999999999993
6 0.771732 0.4047549999999999 0.025698000000000044 0.022553999999999963
6 0.8615165000000001 0.33404449999999997 0.026966999999999963 0.023163
6 0.8740485 0.3341965 0.026014999999999944 0.022859000000000008
6 0.8870560000000001 0.33541600000000005 0.026649999999999886 0.02224999999999997
6 0.730647 0.37701900000000005 0.024746000000000025 0.024991999999999993
6 0.742703 0.37717150000000005 0.024746000000000025 0.025906999999999993
6 0.7553934999999999 0.37915299999999996 0.026649000000000013 0.025601999999999993
6 0.768401 0.37961 0.024746000000000025 0.024687999999999998
6 0.7798225000000001 0.37961 0.023477000000000015 0.025905999999999985
6 0.7921955 0.3797625 0.024110999999999994 0.024383
6 0.8050444999999999 0.3809815 0.024428999999999944 0.024992999999999998
6 0.8169420000000001 0.381134 0.024746000000000025 0.024687999999999998
6 0.829156 0.38159099999999996 0.025064000000000065 0.024381999999999994
6 0.841846 0.3825055 0.025698000000000044 0.024992999999999998
6 0.8537434999999999 0.382353 0.025380999999999966 0.025297999999999998
6 0.8791245 0.384029 0.023477000000000102 0.024992000000000035
6 0.742544 0.407193 0.025698000000000044 0.023164000000000053
6 0.7609450000000001 0.403231 0.028235999999999973 0.023164000000000008
6 0.322652 0.13090549999999998 0.024112 0.022858999999999983