13 0.9534290000000001 0.461221 0.012282000000000081 0.02365200000000005
13 0.39815750000000005 0.47387250000000003 0.016376999999999996 0.011550999999999955
13 0.3656605 0.657316 0.025077000000000016 0.015402000000000004
13 0.367963 0.638339 0.02661199999999999 0.019252000000000002
13 0.410696 0.6553905 0.019960000000000023 0.017051000000000018
13 0.414534 0.5932345 0.01739999999999995 0.029152999999999984
13 0.25255900000000003 0.5885589999999999 0.017911999999999973 0.03630399999999998
13 0.23234400000000002 0.6020350000000001 0.012281999999999993 0.024752000000000062
13 0.235926 0.5649065 0.013305999999999995 0.023102999999999964
13 0.23618199999999998 0.5343785000000001 0.013817999999999974 0.02695300000000005
13 0.23336750000000003 0.5022005 0.014328999999999991 0.01430100000000003
13 0.2533265 0.5258525000000001 0.011258999999999996 0.025302999999999985
13 0.2556295 0.477723 0.012795000000000023 0.024751999999999975
13 0.418884 0.48129849999999996 0.01381800000000002 0.02750300000000001
13 0.41811699999999996 0.4427944999999999 0.01330600000000004 0.02750300000000001
13 0.2638175 0.6529149999999999 0.02405299999999997 0.01870199999999995
13 0.401228 0.44224399999999997 0.013305999999999995 0.025301999999999936
13 0.403275 0.40979100000000007 0.017399999999999992 0.03190400000000002
13 0.42374600000000007 0.3567105 0.016376000000000078 0.031352999999999964
13 0.246162 0.3338835 0.013305999999999995 0.028603000000000024
13 0.24462650000000002 0.3743125 0.012282999999999999 0.032453000000000023
13 0.265097 0.3740375 0.008187999999999996 0.022002999999999995
13 0.264841 0.310506 0.013817999999999974 0.026951999999999997
13 0.2840325 0.22084700000000002 0.02354099999999999 0.01815199999999999
13 0.25 0.190869 0.014841999999999977 0.023102
13 0.310133 0.22112199999999999 0.021493999999999992 0.02420200000000001
13 0.3961105 0.2246975 0.02763500000000003 0.023653000000000014
13 0.39278399999999997 0.2469745 0.030193999999999964 0.013201000000000018
13 0.341351 0.6570410000000001 0.014329999999999999 0.020352000000000016
13 0.23234399999999997 0.6806935000000001 0.013305999999999995 0.031353000000000006
13 0.9513820000000001 0.5371285 0.014329999999999999 0.02695300000000005
13 0.1944725 0.8036300000000001 0.02865900000000001 0.01760199999999994
13 0.1839815 0.06353135 0.024053000000000012 0.030253100000000005
13 0.098516 0.20627050000000002 0.013817999999999987 0.02970299999999999
13 0.09698035 0.2378985 0.009723300000000013 0.025852999999999994
13 0.09365405 0.3561605 0.012282499999999997 0.02475299999999998
13 0.11540400000000002 0.2986795 0.013817999999999997 0.007701000000000002
13 0.0910952 0.39108899999999996 0.014329599999999998 0.03520399999999997
13 0.087001 0.472497 0.014329599999999998 0.02420200000000001
13 0.08162739999999999 0.6201869999999999 0.013817800000000002 0.03135400000000006
13 0.07958035 0.6628160000000001 0.01074710000000001 0.02420200000000001
13 0.0747185 0.7799780000000001 0.017400199999999998 0.029701999999999985
13 0.07471855000000001 0.8149065 0.02251789999999999 0.028052999999999884
13 0.06704194999999999 0.8583605000000001 0.015353099999999998 0.030253000000000085
13 0.23004100000000002 0.8050055 0.027124000000000016 0.011551000000000044
13 0.6622315000000001 0.8421344999999999 0.02354100000000008 0.027502999999999923
13 0.2689355 0.8074804999999999 0.02302900000000001 0.01430100000000003
13 0.297083 0.8066555 0.026100000000000012 0.015951000000000003
13 0.332395 0.811056 0.023029999999999974 0.018152000000000078
13 0.28966250000000004 0.827008 0.016376999999999996 0.017051999999999977
13 0.371034 0.828383 0.022517999999999993 0.01650199999999984
13 0.44882299999999997 0.8330580000000001 0.02763599999999995 0.019252000000000002
13 0.47594650000000005 0.8360835 0.019446999999999992 0.01430100000000003
13 0.4490785 0.8143564999999999 0.015864999999999973 0.015950999999999917
13 0.517656 0.8393840000000001 0.022006000000000015 0.02310199999999991
13 0.5493859999999999 0.811881 0.028148000000000017 0.01870200000000004
13 0.5534800000000001 0.8360839999999999 0.018935999999999974 0.020902000000000066
13 0.5880245000000001 0.841859 0.024565000000000038 0.015952000000000056
13 0.42451350000000004 0.247525 0.029171000000000013 0.018701999999999996
13 0.46059350000000004 0.230473 0.019446999999999992 0.015402000000000004
13 0.5399185 0.23569849999999998 0.024564999999999948 0.01375099999999998
13 0.8920165000000001 0.4348185 0.018423000000000123 0.03685299999999998
13 0.50435 0.07343235000000001 0.022006000000000015 0.014851499999999995
13 0.5399179999999999 0.07508255 0.025588000000000034 0.017051700000000003
13 0.6120775 0.0783828 0.028659000000000035 0.018151799999999996
13 0.6535315 0.09433425 0.03377699999999999 0.01925150000000001
13 0.756653 0.1567655 0.02405400000000002 0.02750300000000001
13 0.786592 0.08360835 0.02661200000000008 0.028602899999999997
13 0.7505115 0.06655665 0.029171000000000013 0.0275027
13 0.8229275000000001 0.052255249999999996 0.021494999999999997 0.028602900000000004
13 0.7975945 0.2079205 0.01995899999999997 0.026403
13 0.8423745 0.2634765 0.03070699999999995 0.034103000000000036
13 0.8646370000000001 0.306656 0.027124000000000058 0.039053999999999964
13 0.8876660000000001 0.3839385 0.017911999999999928 0.028603000000000024
13 0.8845955 0.5156765 0.0189350000000001 0.033553000000000034
13 0.5744624999999999 0.23734899999999998 0.025077000000000016 0.020352000000000016
13 0.8845955 0.5550055 0.014840999999999837 0.024203000000000065
13 0.877431 0.7224975 0.020982000000000056 0.032453000000000023
13 0.8723135 0.8396589999999999 0.014841000000000016 0.025852000000000076
13 0.872825 0.8011554999999999 0.011770000000000103 0.010451000000000033
13 0.8551690000000001 0.9823980000000001 0.014329999999999999 0.02420200000000001
13 0.9398669999999999 0.9240925000000001 0.025076000000000143 0.03190299999999997
13 0.9580344999999999 0.907316 0.015352999999999995 0.017051999999999977
13 0.9414024999999999 0.7439495 0.014841000000000016 0.03685299999999998
13 0.9442170000000001 0.6960945000000001 0.015354000000000135 0.028052999999999974
13 0.9457525 0.659791 0.014329000000000036 0.02805200000000001
13 0.9493345 0.6188119999999999 0.015352999999999995 0.027502000000000047
13 0.9498464999999999 0.5745324999999999 0.014329000000000036 0.035752999999999965
13 0.46315249999999997 0.07315730000000001 0.026613000000000043 0.015401600000000005
13 0.4291195 0.0687569 0.028147000000000054 0.016501600000000005
13 0.763562 0.35533549999999997 0.025588000000000034 0.02530300000000003
13 0.7308085 0.3921895 0.027634999999999986 0.028603000000000024
13 0.5926305000000001 0.33305850000000004 0.015352999999999995 0.025852999999999994
13 0.5859775 0.3715625 0.019446999999999992 0.030252999999999995
13 0.567042 0.4163915 0.01330600000000004 0.026403
13 0.5642275 0.46534650000000005 0.014841000000000016 0.029703000000000035
13 0.579836 0.4636965 0.012281999999999993 0.027502999999999923
13 0.5609005 0.49504950000000003 0.016376999999999954 0.026403
13 0.5593655 0.5346534999999999 0.017401 0.03080299999999996
13 0.534289 0.641364 0.03070599999999999 0.02420200000000001
13 0.47697 0.6600659999999999 0.022517999999999993 0.014302000000000082
13 0.547339 0.664466 0.03019400000000001 0.019801999999999965
13 0.596213 0.6419145 0.01944800000000004 0.02750300000000001
13 0.694217 0.8256325 0.02917000000000005 0.01430100000000003
13 0.6885875 0.8432345 0.026100999999999975 0.015400999999999953
13 0.722364 0.8371835000000001 0.013817999999999931 0.03190299999999997
13 0.7208289999999999 0.8748625000000001 0.01279400000000006 0.03025299999999991
13 0.727226 0.669967 0.02763600000000004 0.016502000000000017
13 0.759724 0.672992 0.02712399999999997 0.01815199999999999
13 0.731832 0.6457645000000001 0.014329999999999999 0.026403
13 0.7359264999999999 0.6028605 0.015352999999999995 0.028603000000000024
13 0.734903 0.569307 0.01330600000000004 0.026401999999999946
13 0.739509 0.5280525 0.013305999999999952 0.029702999999999945
13 0.7208289999999999 0.512101 0.01688799999999997 0.023102
13 0.7244115 0.4581955 0.014841000000000016 0.026403
13 0.7418115000000001 0.4458195 0.014841000000000016 0.022553
13 0.7430915 0.4174915 0.011258999999999996 0.028602999999999934
13 0.1146365 0.0929594 0.025588999999999994 0.030803199999999996