13 0.3657565 0.4885495000000001 0.02142900000000001 0.013505000000000055
13 0.2428575 0.7765704999999999 0.017647000000000013 0.008220999999999989
13 0.123319 0.784351 0.01974800000000001 0.008513999999999999
13 0.13298300000000002 0.774222 0.023950000000000006 0.009982000000000024
13 0.157983 0.7856725 0.02521 0.008220999999999989
13 0.1659665 0.775837 0.022689000000000004 0.010275999999999997
13 0.3554625 0.7921315 0.021849000000000007 0.009394999999999954
13 0.3798315 0.7817085 0.017647000000000013 0.009688999999999925
13 0.3117645 0.791104 0.023529 0.009688000000000052
13 0.3107145 0.7793599999999999 0.018907000000000007 0.01086400000000003
13 0.22731099999999999 0.788168 0.016805999999999967 0.008513999999999999
13 0.2707985 0.7767175 0.02142900000000001 0.009689000000000014
13 0.09474770000000002 0.7842045000000001 0.022268600000000006 0.010569000000000005
13 0.355252 0.682766 0.01638600000000001 0.01144999999999996
13 0.3207985 0.6970050000000001 0.018907000000000007 0.009982000000000024
13 0.283193 0.683793 0.02016800000000001 0.009981999999999935
13 0.202521 0.693335 0.01932799999999999 0.008513999999999999
13 0.16575600000000001 0.6909865 0.019747999999999988 0.007338999999999984
13 0.10105040000000001 0.688931 0.023109199999999996 0.008513999999999999
13 0.12920150000000002 0.6895184999999999 0.022268999999999983 0.007927000000000017
13 0.14768900000000001 0.6736639999999999 0.011343999999999998 0.013211999999999956
13 0.19979 0.678949 0.014705999999999997 0.01144999999999996
13 0.09432775 0.7701115 0.01638649999999999 0.007632999999999957
13 0.025210100000000003 0.7660015 0.0159664 0.008221000000000079
13 0.038865550000000006 0.589401 0.019747900000000002 0.00792799999999998
13 0.2130255 0.9474454999999999 0.021849000000000007 0.010569000000000096
13 0.530462 0.9605105 0.021428000000000048 0.012624999999999886
13 0.49243699999999996 0.9583085 0.022689999999999967 0.009394999999999954
13 0.44915950000000004 0.9613914999999998 0.01596700000000002 0.010862999999999979
13 0.41281549999999995 0.9566939999999999 0.017227000000000013 0.01379999999999999
13 0.37247899999999995 0.953905 0.02479 0.009981999999999935
13 0.330882 0.953464 0.01974800000000001 0.010275999999999997
13 0.277311 0.9527305 0.019327999999999967 0.009394999999999954
13 0.08676475 0.9421610000000001 0.0172269 0.008807999999999972
13 0.1336135 0.942601 0.016806999999999996 0.009102000000000032
13 0.37605000000000005 0.876688 0.02016800000000001 0.010570000000000057
13 0.02394955 0.7796535 0.0226891 0.010863000000000067
13 0.31218500000000005 0.8844685 0.018488000000000015 0.007927000000000106
13 0.2735295 0.883294 0.01764699999999997 0.008514000000000087
13 0.258193 0.873312 0.018908000000000015 0.008514000000000087
13 0.2319325 0.8815324999999999 0.01848700000000001 0.00910100000000007
13 0.22731099999999999 0.8719909999999998 0.019327999999999967 0.008807999999999972
13 0.18970599999999999 0.8793305 0.018908000000000015 0.009394999999999954
13 0.12037800000000001 0.8783030000000001 0.01890799999999999 0.00851399999999991
13 0.08844529999999999 0.877569 0.0239494 0.009396000000000094
13 0.08886555 0.8681734999999999 0.0189075 0.00528499999999994
13 0.1756305 0.679096 0.021849000000000007 0.010570000000000057
13 0.112185 0.5816209999999999 0.01680600000000001 0.005872000000000011
13 0.24873950000000003 0.6814444999999999 0.03193300000000003 0.014093
13 0.367227 0.4107455 0.018488000000000015 0.008220999999999989
13 0.5226895 0.32413400000000003 0.017647000000000013 0.01585399999999999
13 0.5262605 0.2623315 0.007983000000000028 0.00968899999999997
13 0.5359244999999999 0.214181 0.01302499999999993 0.01438600000000001
13 0.5338235 0.1903995 0.014705000000000013 0.007926999999999995
13 0.5298315 0.151057 0.022689000000000004 0.009688000000000007
13 0.40168100000000007 0.1600115 0.010084000000000027 0.012331000000000003
13 0.3978995 0.20463899999999996 0.017647000000000013 0.011743999999999977
13 0.27857149999999997 0.2036115 0.009242999999999979 0.010863000000000001
13 0.1663865 0.23209 0.023529 0.016148000000000006
13 0.327311 0.4028185000000001 0.026890000000000035 0.01702900000000005
13 0.1134455 0.494275 0.017647000000000013 0.006165999999999982
13 0.39979 0.4169115 0.01050399999999998 0.016441000000000018
13 0.29180700000000004 0.40458 0.018908000000000015 0.007045999999999974
13 0.1617645 0.4041395 0.017647000000000013 0.007927000000000017
13 0.1344535 0.3943045 0.012605 0.014093
13 0.152941 0.3631825 0.01596599999999999 0.012331000000000003
13 0.3365545 0.33690499999999995 0.01848700000000001 0.007339999999999991
13 0.267437 0.34542 0.023950000000000006 0.009101999999999989
13 0.3712185 0.22856699999999996 0.016386999999999975 0.011450000000000005
13 0.05861345 0.23546649999999997 0.0172269 0.012330999999999958
13 0.10357140000000001 0.4835585 0.023109199999999996 0.007633000000000045
13 0.152311 0.48297100000000004 0.01638600000000001 0.007634000000000007
13 0.1481095 0.5817669999999999 0.01806700000000001 0.010275999999999997
13 0.208193 0.5832355 0.01974800000000001 0.008514999999999962
13 0.2052525 0.5999705 0.012184999999999979 0.014972999999999992
13 0.172899 0.5946855 0.020588000000000006 0.007927000000000017
13 0.392227 0.6090725 0.010504000000000024 0.013799000000000028
13 0.396008 0.592043 0.019747999999999967 0.010275999999999997
13 0.3689075 0.5825009999999999 0.016807000000000016 0.008807999999999972
13 0.318487 0.6001175 0.015126000000000018 0.011157000000000038
13 0.297269 0.5973280000000001 0.01974800000000001 0.008513999999999999
13 0.2947475 0.5877865 0.022269000000000004 0.009394999999999954
13 0.25693299999999997 0.579712 0.015546000000000015 0.011450000000000049
13 0.17899150000000003 0.579712 0.02100899999999999 0.009101999999999943
13 0.1861345 0.4873755 0.024368999999999995 0.008220999999999989
13 0.21827749999999999 0.49677 0.02142900000000001 0.008807999999999972
13 0.255042 0.49809149999999996 0.015966000000000015 0.006753000000000053
13 0.29054599999999997 0.5004405000000001 0.018908000000000015 0.008514999999999962
13 0.3384455 0.5079275 0.011345000000000027 0.01702899999999996
13 0.41407550000000004 0.49266000000000004 0.01806700000000001 0.009396000000000005
13 0.3405465 0.48708150000000006 0.017227000000000013 0.007632999999999957
13 0.29474799999999995 0.490458 0.020588000000000006 0.006165999999999982
13 0.263025 0.48899 0.015126000000000018 0.006752000000000003
13 0.22479 0.486201 0.01596599999999997 0.007045999999999974
13 0.604622 0.9638875 0.02605000000000004 0.008220999999999989
13 0.7281515 0.965649 0.027730999999999995 0.01056999999999988
13 0.825 0.9835584999999998 0.02058800000000005 0.015854999999999998
13 0.502101 0.6553145 0.01344599999999998 0.012331000000000003
13 0.6787815 0.7790665 0.013865000000000016 0.013799000000000028
13 0.6613445 0.770552 0.008402999999999938 0.016148000000000006
13 0.488445 0.7775985000000001 0.02058800000000005 0.01673499999999999
13 0.520168 0.7621845 0.024369999999999958 0.012919000000000036
13 0.570378 0.768937 0.010504000000000069 0.014679999999999981
13 0.5607144999999999 0.74633 0.018907000000000007 0.018203999999999977
13 0.5268905 0.735173 0.022689000000000004 0.011744000000000022
13 0.49390750000000005 0.7093360000000001 0.009663000000000022 0.01761600000000003
13 0.49390750000000005 0.6758660000000001 0.009663000000000022 0.013506000000000018
13 0.527311 0.656342 0.02353000000000005 0.01908399999999997
13 0.7632350000000001 0.7564595 0.024790000000000045 0.009689000000000014
13 0.55042 0.641368 0.02353000000000005 0.010275999999999997
13 0.6554625 0.6284495 0.022689000000000004 0.013799000000000028
13 0.709454 0.65414 0.015545999999999971 0.012917999999999985
13 0.6514705000000001 0.6500294999999999 0.020589000000000014 0.007632999999999957
13 0.6140755 0.643717 0.011344999999999938 0.013212000000000047
13 0.8584035 0.6330005 0.01092499999999994 0.015854999999999998
13 0.8228989999999999 0.6277155000000001 0.009664000000000072 0.015266999999999965
13 0.8115549999999999 0.6519375000000001 0.020587999999999874 0.012624999999999975
13 0.77458 0.652525 0.019748000000000054 0.009687999999999964
13 0.620378 0.7635055 0.019748000000000054 0.00910099999999998
13 0.772479 0.77202 0.009663999999999983 0.013212000000000047
13 0.780042 0.8945979999999999 0.02058800000000005 0.008807999999999972
13 0.7506305 0.870523 0.02142900000000001 0.011744000000000022
13 0.30756300000000003 0.875367 0.021008000000000006 0.009102000000000032
13 0.33676500000000004 0.8740455 0.01974800000000001 0.006459000000000081
13 0.5033614999999999 0.844392 0.010925000000000028 0.017615999999999944
13 0.4957985000000001 0.601879 0.021849000000000007 0.014680000000000071
13 0.522689 0.5971814999999999 0.013446000000000069 0.01702900000000005
13 0.5035715 0.5692895 0.01806700000000001 0.016441000000000018
13 0.8170169999999999 0.3837345 0.011343999999999887 0.012331000000000003
13 0.8142860000000001 0.90091 0.020167999999999964 0.020845999999999875
13 0.7527315 0.8929829999999999 0.017227000000000013 0.008514000000000087
13 0.6029410000000001 0.8903405 0.02352999999999996 0.010862999999999979
13 0.8067229999999999 0.757927 0.019327999999999967 0.013212000000000047
13 0.5134455 0.8940104999999999 0.021848999999999917 0.011156999999999861
13 0.9712185 0.36655899999999997 0.017227000000000103 0.011450000000000005
13 0.8147059999999999 0.40942449999999997 0.02100799999999996 0.013799000000000028
13 0.8405465 0.421462 0.022269000000000004 0.010275999999999997
13 0.956723 0.646066 0.009243999999999985 0.007339999999999946
13 0.9455880000000001 0.661186 0.02562999999999995 0.018789999999999994
13 0.942437 0.7034644999999999 0.02100799999999996 0.012919000000000036
13 0.48865549999999996 0.8097475 0.016806999999999926 0.014679000000000109
13 0.8327729999999999 0.749266 0.015125999999999884 0.012331999999999965
13 0.7296215 0.6538459999999999 0.023109 0.012917999999999985
13 0.69937 0.627716 0.02058799999999996 0.015853999999999945
13 0.852101 0.5361130000000001 0.015966000000000057 0.008807999999999972
13 0.6531515000000001 0.1581035 0.01806700000000001 0.006753000000000009
13 0.8170169999999999 0.3106285 0.009663999999999895 0.015267000000000008
13 0.8172269999999999 0.2886085 0.010923999999999979 0.013504999999999967
13 0.8289919999999998 0.26482700000000003 0.010083999999999982 0.013506000000000018
13 0.669748 0.276571 0.011764000000000063 0.013506000000000018
13 0.6960085 0.259542 0.012185000000000024 0.017615999999999986
13 0.667437 0.23605399999999999 0.01890799999999997 0.009396000000000005
13 0.5521010000000001 0.21696999999999997 0.015125999999999973 0.01585399999999999
13 0.8100840000000001 0.165003 0.019327999999999967 0.01056999999999999
13 0.7388655 0.1586905 0.020589000000000014 0.009689000000000014
13 0.609664 0.1548735 0.01848799999999997 0.006753000000000009
13 0.8245795000000001 0.535819 0.032352999999999986 0.013506000000000018
13 0.7054625 0.159278 0.008403000000000027 0.011450000000000005
13 0.4823525 0.8653845 0.012604999999999932 0.00851500000000005
13 0.5348740000000001 0.8712565 0.019327999999999967 0.014386999999999973
13 0.5596639999999999 0.8910750000000001 0.010923999999999979 0.011744000000000022
13 0.639286 0.8668524999999999 0.019747999999999967 0.00851500000000005
13 0.6447480000000001 0.8931295 0.01890799999999997 0.012331000000000003
13 0.679832 0.8674395 0.020168000000000054 0.009689000000000014
13 0.8138655 0.8791834999999999 0.017646999999999836 0.016735000000000076
13 0.782563 0.8728715000000001 0.02563000000000004 0.00939500000000013
13 0.8655459999999999 0.24633000000000002 0.015126000000000061 0.014680000000000026
13 0.8619749999999999 0.16515 0.013865999999999979 0.012037999999999993
13 0.8210084999999999 0.33206100000000005 0.014285000000000103 0.013505999999999973
13 0.661555 0.337933 0.014705999999999974 0.013506000000000018
13 0.816387 0.5105695 0.020167999999999964 0.007633000000000045
13 0.795378 0.5054315 0.01008400000000007 0.013799000000000028
13 0.7210084999999999 0.503817 0.006722999999999946 0.009981999999999935
13 0.6663865 0.495449 0.019327000000000004 0.01144999999999996
13 0.6382355000000001 0.5032300000000001 0.013445000000000018 0.008807999999999972
13 0.589076 0.5239285 0.020167999999999964 0.009689000000000014
13 0.5105045 0.5504995 0.013445000000000018 0.011157000000000038
13 0.5317225000000001 0.528332 0.01638700000000002 0.01908399999999997
13 0.512605 0.5013215 0.020167999999999964 0.010862999999999979
13 0.49411749999999993 0.49677050000000006 0.013445000000000018 0.015266999999999965
13 0.5151265 0.42102199999999995 0.012605000000000022 0.011743999999999932
13 0.5418065000000001 0.42160899999999996 0.022269000000000004 0.007045999999999974
13 0.669118 0.4329124999999999 0.02058800000000005 0.01379899999999994
13 0.6867645 0.415003 0.012184999999999935 0.01144999999999996
13 0.6915965 0.3881385 0.017647000000000013 0.013505000000000012
13 0.5132355000000001 0.2990315 0.013864999999999928 0.015560999999999981
13 0.5178575000000001 0.384322 0.012184999999999935 0.012917999999999985
13 0.552731 0.35819150000000005 0.013025999999999982 0.011156999999999995
13 0.6642859999999999 0.37419250000000004 0.02100799999999996 0.007926999999999972
13 0.1766805 0.203905 0.02142900000000001 0.007340000000000036