10 0.9142610000000001 0.8457795000000001 0.03225800000000003 0.022726999999999897
10 0.8539899999999999 0.833198 0.03735200000000009 0.025161999999999907
10 0.08404075 0.06209415 0.018675699999999996 0.026785700000000006
10 0.14940599999999998 0.13392849999999998 0.018676000000000005 0.03084499999999999
10 0.061120549999999996 0.2690745 0.0203735 0.034902999999999997
10 0.393039 0.275974 0.03565400000000003 0.024350000000000004
10 0.381579 0.31899350000000004 0.029712000000000006 0.02597499999999999
10 0.45373549999999996 0.2857145 0.03310700000000004 0.01948099999999999
10 0.297538 0.372971 0.021221999999999984 0.02678600000000002
10 0.292869 0.45454550000000005 0.015280000000000005 0.024350999999999966
10 0.03565365 0.778409 0.015280100000000001 0.029219999999999934
10 0.24915099999999998 0.7824675 0.019524000000000007 0.024351000000000057
10 0.22368449999999998 0.888393 0.017826999999999992 0.026786000000000067
10 0.3344655 0.9253245 0.022070999999999997 0.027597000000000094
10 0.36544999999999994 0.8441559999999999 0.021221999999999984 0.024349999999999917
10 0.40492349999999994 0.86039 0.025466999999999997 0.025973999999999896
6 0.45543300000000003 0.80763 0.04668999999999999 0.035714000000000024
10 0.5212225 0.728896 0.02886299999999995 0.019479999999999987
10 0.567063 0.6830360000000001 0.03225800000000003 0.020291999999999977
10 0.618421 0.685877 0.02801400000000003 0.021103999999999967
10 0.6494055 0.6290585 0.027165000000000016 0.024351000000000057
10 0.7258065 0.575081 0.018674999999999997 0.021915999999999956
10 0.4796265 0.2544645 0.02886299999999995 0.013799000000000028
10 0.6298815 0.304789 0.025466999999999997 0.02678600000000002
10 0.8331915000000001 0.390422 0.03140900000000002 0.027597999999999966
10 0.920628 0.5974025000000001 0.028013999999999938 0.017857000000000057
10 0.758489 0.7037340000000001 0.03140999999999998 0.019479999999999987
8 0.513158 0.4898535 0.562818 0.5495129999999999