6 0.706692 0.383679 0.048184000000000005 0.049880000000000015
6 0.606501 0.944932 0.023709999999999988 0.05267400000000002
6 0.475335 0.2627695 0.020650000000000012 0.05786099999999998
10 0.7502869999999999 0.630487 0.007648000000000011 0.01596200000000003
10 0.762715 0.3314045 0.011854000000000031 0.015562999999999994
10 0.7378585 0.35873900000000003 0.014912999999999954 0.015164
10 0.41778250000000006 0.2336395 0.010325000000000006 0.016361000000000025
10 0.5101340000000001 0.427773 0.011471999999999927 0.019153999999999984
10 0.5615675 0.615722 0.010325000000000006 0.017558000000000008
10 0.629828 0.8328009999999999 0.009177999999999997 0.015163999999999867
10 0.5994265000000001 0.8645254999999998 0.009560999999999976 0.016361000000000025
10 0.166539 0.4864325 0.01109 0.01675900000000006
10 0.152581 0.42936949999999996 0.007647999999999988 0.01675899999999997
8 0.760612 0.42498 0.2126199999999999 0.21947400000000003
8 0.27323149999999996 0.57502 0.222945 0.20989600000000008