13 0.8862135 0.45931750000000005 0.019453000000000033 0.021623000000000038
13 0.11303100000000002 0.860566 0.017942000000000013 0.02429799999999993
13 0.397167 0.7692825 0.02379600000000002 0.022737000000000052
13 0.3104815 0.666518 0.021529 0.022292000000000024
13 0.382908 0.57189 0.030406000000000023 0.029201999999999995
13 0.36524999999999996 0.44505149999999993 0.02077399999999998 0.02608100000000002
13 0.391879 0.36926000000000003 0.010953999999999997 0.013597999999999999
13 0.329556 0.2534555 0.015486000000000022 0.023183
13 0.330784 0.17643749999999997 0.01945199999999998 0.016273000000000003
13 0.262134 0.03934465 0.019263999999999993 0.0171645
13 0.2693105 0.687138 0.012087000000000004 0.017164000000000002
13 0.25410750000000004 0.6500225000000001 0.011142999999999991 0.01917099999999996
13 0.1326725 0.8274635 0.016430999999999994 0.013821000000000083
13 0.024929200000000002 0.9429335 0.018508000000000004 0.015158999999999877
13 0.00878186484375 0.9008025 0.013408870312499998 0.01917100000000005
13 0.0137866046875 0.8384979999999999 0.019641190625 0.018501999999999973
13 0.6493865 0.8546585 0.013787000000000039 0.012929000000000102
13 0.08111425 0.8036110000000001 0.016808299999999998 0.015158000000000005
13 0.11869700000000001 0.7216895 0.019074000000000015 0.016718999999999973
13 0.1898015 0.5074675 0.016618999999999984 0.03544300000000007
13 0.04183195 0.5656485 0.021340900000000006 0.01448900000000002
13 0.07091594999999999 0.4886315 0.024740299999999993 0.01917099999999996
13 0.12370149999999999 0.468792 0.014731000000000005 0.02764199999999999
13 0.207743 0.40024499999999996 0.01586400000000001 0.02385200000000003
13 0.1736545 0.30272 0.011520999999999981 0.021399999999999995
13 0.11038700000000001 0.293357 0.019829999999999993 0.017834000000000037
13 0.03314445 0.30338849999999995 0.0205855 0.030763000000000006
13 0.11661950000000001 0.2078685 0.021719 0.03143100000000001
13 0.130406 0.1683015 0.020963999999999983 0.019171000000000004
13 0.04560905 0.060856 0.0205855 0.019170799999999998
13 0.4714824999999999 0.9068210000000001 0.01680900000000003 0.012037999999999905
13 0.577715 0.7681675 0.024174000000000008 0.017832999999999988
13 0.8639285000000001 0.5317655 0.021341000000000145 0.017611000000000043
13 0.7088760000000001 0.284106 0.01945199999999998 0.013152000000000007
13 0.8586404999999999 0.6035444999999999 0.01567500000000006 0.022515000000000018
13 0.7961285 0.8379405 0.019453000000000033 0.017387000000000086
13 0.7339 0.82568 0.020774000000000025 0.02006200000000007
13 0.8114255 0.7574675 0.01605300000000014 0.02987099999999998
13 0.7135975 0.707646 0.015296999999999982 0.008694000000000025
13 0.7567515 0.664623 0.02228500000000002 0.018947999999999965
13 0.765817 0.6217119999999999 0.015108000000000033 0.023183999999999916
13 0.7391880000000001 0.5292020000000001 0.018508000000000014 0.015158000000000005
13 0.7063265000000001 0.49331250000000004 0.020397 0.01827899999999998
13 0.75458 0.46979499999999996 0.017186000000000055 0.01404399999999999
13 0.7940510000000001 0.4332364999999999 0.02020800000000005 0.021177000000000046
13 0.790085 0.251449 0.008497999999999983 0.01917
13 0.75288 0.2638205 0.018320000000000024 0.016273000000000027
13 0.6913125 0.14634450000000002 0.02360699999999998 0.02073099999999999
13 0.481681 0.7573565 0.01680799999999998 0.02563500000000003
13 0.50746 0.1110125 0.018130000000000025 0.013375000000000003
13 0.4511805000000001 0.153366 0.017752999999999998 0.018724000000000008
13 0.5177525 0.227597 0.02625099999999998 0.026304000000000015
13 0.49187899999999996 0.41651799999999994 0.01718599999999997 0.02385200000000003
13 0.5617565 0.4589835000000001 0.018318999999999974 0.01827899999999998
13 0.6109534999999999 0.47603650000000003 0.023041 0.020284999999999977
13 0.513409 0.475368 0.017941999999999948 0.01404399999999999
13 0.5972615 0.509474 0.017562999999999995 0.015381999999999962
13 0.45627950000000006 0.542131 0.020397 0.02140000000000004
13 0.5408875 0.567543 0.02266300000000001 0.026303999999999928
13 0.6299335 0.663397 0.018697000000000054 0.021399999999999954
13 0.46081249999999996 0.6861349999999999 0.014731000000000005 0.02095400000000005
13 0.48838550000000003 0.7158935 0.01661899999999994 0.026973000000000004
13 0.139377 0.0290905 0.021907999999999993 0.015381200000000001