10 0.9424509999999999 0.586156 0.0036419999999999673 0.006931999999999938
10 0.9478235000000002 0.5988315 0.0038249999999999673 0.007329000000000007
14 0.6262065 0.4945535 0.01584500000000002 0.039215
14 0.6538885000000001 0.49485049999999997 0.017301000000000056 0.038621000000000016
14 0.680568 0.4958405000000001 0.016389999999999995 0.038224999999999995
14 0.707066 0.496633 0.017666000000000005 0.03941400000000002
14 0.733291 0.4972275 0.01657200000000003 0.03782899999999998
14 0.5303224999999999 0.566746 0.016391000000000044 0.03822600000000005
14 0.5569115 0.567835 0.01675500000000003 0.038819999999999945
14 0.5900565 0.5600120000000001 0.017483000000000005 0.038622000000000066
14 0.6163725 0.5612 0.01693699999999998 0.040206000000000054
14 0.6488799999999999 0.5612005 0.015298000000000034 0.03743300000000005
14 0.675742 0.5620915 0.016208000000000045 0.038423000000000054
14 0.5862320000000001 0.6267579999999999 0.017118000000000057 0.038621999999999976
14 0.612457 0.626659 0.016026000000000006 0.038819999999999945
14 0.6384085 0.627649 0.01693699999999998 0.03921600000000005
14 0.6712805 0.627748 0.016391000000000044 0.03941400000000002
14 0.5997085 0.494058 0.016390999999999954 0.038621999999999976
14 0.573484 0.49326600000000004 0.01675399999999998 0.03822599999999996
14 0.54735 0.49287000000000003 0.016208000000000045 0.03941400000000002
13 0.5169365 0.3232325 0.09852500000000006 0.10497100000000001
13 0.191404 0.8780944999999999 0.013475999999999998 0.00970500000000012
13 0.2840105 0.8116455 0.01110899999999999 0.017428999999999917
13 0.2152615 0.8275895 0.012019000000000002 0.016439000000000092
13 0.23966500000000002 0.9088930000000002 0.015297999999999989 0.01267599999999991
13 0.02731745 0.9539515 0.016390500000000002 0.015250999999999949
13 0.291204 0.7339075 0.016389999999999995 0.02158899999999999
13 0.4218719999999999 0.7837194999999999 0.01802999999999999 0.021787000000000046
13 0.8191585 0.866409 0.017847000000000078 0.020004000000000133
13 0.4806045 0.869578 0.01930499999999995 0.020003999999999956
13 0.824531 0.537433 0.0315059999999999 0.038622000000000066
13 0.860135 0.2903545 0.012384000000000128 0.019013000000000037
13 0.932526 0.4119630000000001 0.011474000000000118 0.020202000000000008
13 0.8909125 0.5293125 0.027317000000000036 0.043771000000000004
13 0.9193225 0.5375325 0.028410999999999832 0.04396900000000006
14 0.7082499999999999 0.5860565 0.01639000000000008 0.038422999999999964
14 0.734748 0.586552 0.016207999999999955 0.038621999999999976
14 0.702422 0.643494 0.016389999999999995 0.03961199999999998
10 0.262429 0.8515550000000001 0.0032780000000000253 0.006931999999999938
14 0.7547805000000001 0.5522875 0.01547900000000002 0.03188700000000004
6 0.018575849999999998 0.727768 0.0109269 0.011289999999999977
10 0.2623385 0.127847 0.004552999999999985 0.008119999999999994
10 0.296485 0.0745692 0.006919999999999993 0.0065359999999999975
10 0.324622 0.144583 0.006009999999999982 0.008318000000000002
10 0.3297215 0.17914449999999998 0.006738999999999962 0.005346999999999991
10 0.2573305 0.849178 0.005099000000000009 0.007723999999999976
1 0.8991074999999998 0.704892 0.024038999999999967 0.03525399999999994
10 0.48624999999999996 0.8229355 0.006920000000000037 0.0043569999999999
10 0.639319 0.425728 0.0038240000000000053 0.007723999999999976
10 0.632125 0.42553 0.0036419999999999673 0.006536000000000009
10 0.692133 0.8730439999999999 0.003096000000000032 0.007130000000000081
10 0.6915865 0.39899 0.0041890000000000425 0.007327999999999957
10 0.69195 0.4223605 0.006374000000000013 0.0033670000000000757
14 0.755782 0.5203015000000001 0.014933999999999958 0.03050100000000002
11 0.49435450000000003 0.6848879999999999 0.11491499999999996 0.122004
14 0.4465490000000001 0.4581105 0.018940000000000002 0.03248099999999994
14 0.3628665 0.4770250000000001 0.027135 0.035452
14 0.46157349999999997 0.4600915 0.01802899999999994 0.030105000000000003
14 0.4826079999999999 0.46286400000000005 0.018212000000000027 0.03129400000000002
14 0.441723 0.4953455 0.01803000000000008 0.030105000000000003
14 0.4563835 0.4964345 0.017483000000000005 0.03030299999999997
14 0.477144 0.49871250000000006 0.018576000000000016 0.03168899999999999
14 0.3505735 0.4871265 0.02913899999999998 0.036641000000000014
14 0.3785285 0.4650425 0.02895700000000003 0.03565100000000001
11 0.64114 0.7815405 0.06027999999999993 0.03723500000000009
14 0.398288 0.44840599999999997 0.02768200000000003 0.03366999999999996
14 0.424695 0.591008 0.024768000000000078 0.03208599999999997
14 0.437534 0.5821945 0.024950000000000028 0.03267899999999999
14 0.4396285000000001 0.6180429999999999 0.026588999999999974 0.03347199999999999
14 0.4519209999999999 0.6104179999999999 0.028591999999999996 0.03406600000000006
11 0.2201785 0.22301450000000003 0.138045 0.09665300000000002
13 0.04689495 0.843038 0.013294499999999997 0.014854000000000056