10 0.5456179999999999 0.5633635 0.008110000000000017 0.0038930000000000574
10 0.32146850000000005 0.228538 0.007208999999999977 0.006618000000000013
10 0.341293 0.04759585 0.0067579999999999975 0.006034700000000004
10 0.243974 0.341347 0.00766 0.006033999999999961
10 0.250169 0.336383 0.006984000000000013 0.005449999999999999
10 0.2565895 0.329959 0.007658999999999994 0.007008000000000037
10 0.2400315 0.32567599999999997 0.0069829999999999615 0.005840000000000023
10 0.2455505 0.321004 0.007209000000000021 0.005840000000000023
10 0.2583915 0.30718300000000004 0.0031530000000000056 0.005840000000000023
10 0.25568850000000004 0.299786 0.007208999999999977 0.0066179999999999685
10 0.282609 0.3039715 0.00878599999999996 0.007203000000000026
10 0.276526 0.297937 0.006984000000000013 0.006423999999999985
10 0.2692045 0.292194 0.007658999999999994 0.006230000000000002
10 0.2627845 0.28723 0.007884999999999965 0.006034000000000006
10 0.254562 0.280125 0.008110000000000017 0.007007999999999992
10 0.248592 0.274966 0.006082000000000009 0.00564600000000004
10 0.24273499999999998 0.270294 0.006082000000000009 0.005256000000000016
10 0.23654000000000003 0.264941 0.0067579999999999975 0.005839999999999979
10 0.24397349999999998 0.22921899999999998 0.007208999999999977 0.0064240000000000295
10 0.2499435 0.223574 0.006083000000000016 0.005645999999999996
10 0.2599685 0.210434 0.005857000000000001 0.005839999999999979
10 0.2545615 0.2175395 0.005857000000000001 0.006813000000000002
10 0.331268 0.25520750000000003 0.007433999999999985 0.006619000000000019
10 0.32450999999999997 0.2500485 0.007884000000000002 0.006813000000000002
10 0.31876550000000003 0.2449875 0.005406999999999984 0.005644999999999989
10 0.310881 0.23827150000000002 0.0067579999999999975 0.006228999999999996
10 0.3051365 0.23350200000000002 0.0065329999999999885 0.006034000000000006
10 0.298829 0.2278565 0.007433999999999985 0.006034999999999968
10 0.29116949999999997 0.2219195 0.008335000000000026 0.0073970000000000095
10 0.3480515 0.04204785 0.007659000000000038 0.006229299999999998
10 0.3536835 0.036597250000000005 0.007658999999999994 0.006229299999999998
10 0.35954050000000004 0.0315359 0.007658999999999994 0.006618599999999997
10 0.393332 0.18941 0.00766 0.00661799999999999
10 0.3495155 0.2707805 0.007885000000000008 0.006618999999999975
10 0.34332050000000003 0.26542750000000004 0.007209000000000021 0.006813000000000002
10 0.3372385 0.2604635 0.007209000000000021 0.006228999999999996
10 0.35154300000000005 0.249659 0.004280000000000017 0.006423999999999985
10 0.3533455 0.242943 0.0069829999999999615 0.007007999999999992
10 0.352895 0.22513149999999998 0.008786000000000006 0.006813000000000002
10 0.3592025 0.2199725 0.006083000000000016 0.005060999999999982
10 0.3648345 0.2150085 0.006983000000000006 0.006035000000000013
10 0.37057900000000005 0.2094605 0.007208000000000015 0.006228999999999996
10 0.3766615 0.20469149999999997 0.007208999999999977 0.006813000000000002
10 0.3826315 0.198657 0.0065329999999999885 0.006423999999999985
10 0.38781299999999996 0.1941795 0.005631999999999993 0.005645000000000011
10 0.399189 0.18386249999999998 0.006758000000000042 0.006035000000000013
10 0.3676505 0.024235899999999998 0.006759000000000004 0.0064239999999999966
10 0.4021175 0.18707449999999998 0.007658999999999994 0.007396999999999987
10 0.3369 0.07105315 0.006983999999999968 0.0066187
10 0.343208 0.06531050000000001 0.007434000000000029 0.006034600000000001
10 0.3496285 0.059859850000000006 0.007208999999999977 0.006034700000000004
10 0.356274 0.05411714999999999 0.007433999999999985 0.0062293000000000045
10 0.36179300000000003 0.048763850000000004 0.0067579999999999975 0.006034700000000004
10 0.368214 0.04302125 0.007434000000000029 0.0062293000000000045
10 0.374071 0.0382519 0.006984000000000013 0.006034600000000001
10 0.3803785 0.0326066 0.007434999999999992 0.006034599999999996
10 0.3863485 0.0270586 0.007208999999999977 0.005840000000000001
10 0.380829 0.01391865 0.006984000000000013 0.003698699999999999
10 0.37407050000000003 0.0184933 0.0065329999999999885 0.0054506000000000025
10 0.32743900000000004 0.23330700000000001 0.005631999999999993 0.005256000000000016
10 0.31482299999999996 0.22298999999999997 0.007433999999999985 0.007201999999999975
10 0.2243745 0.3584775 0.007209000000000021 0.006034999999999968
10 0.30829 0.217053 0.006984000000000013 0.007007999999999992
10 0.28272149999999996 0.0994742 0.007658999999999994 0.005839600000000012
10 0.276526 0.10502199999999999 0.006984000000000013 0.006424000000000008
10 0.268529 0.11232199999999999 0.007208000000000015 0.005840000000000001
10 0.261658 0.11816200000000002 0.005631999999999993 0.005840000000000001
10 0.2555755 0.12332100000000001 0.007885000000000008 0.006424000000000008
10 0.239581 0.1353905 0.006984000000000013 0.004866999999999999
10 0.22550150000000002 0.1322755 0.005857000000000001 0.0044769999999999975
10 0.21817999999999999 0.129745 0.006984000000000013 0.004477999999999982
10 0.21040799999999998 0.12799299999999997 0.0067579999999999975 0.003698000000000001
10 0.20038299999999998 0.1269225 0.006082000000000009 0.003115000000000001
10 0.19137200000000001 0.12663 0.00698399999999999 0.0029199999999999894
10 0.1830365 0.127701 0.006083000000000016 0.003114000000000017
10 0.1747015 0.12955049999999999 0.008784999999999998 0.0044769999999999975
10 0.23732800000000004 0.23428050000000003 0.007433999999999985 0.005645000000000034
10 0.229556 0.237882 0.008560000000000035 0.005449999999999999
10 0.18844349999999999 0.2376875 0.007884999999999986 0.005451000000000006
10 0.18427600000000002 0.2411915 0.008109999999999996 0.004283000000000037
10 0.17312500000000003 0.23749250000000002 0.0074340000000000074 0.003893000000000013
10 0.1744765 0.24216499999999996 0.006533000000000011 0.003503999999999996
10 0.16524 0.23885550000000003 0.00698399999999999 0.003893000000000013
10 0.15701749999999998 0.23486500000000002 0.007659000000000016 0.005256000000000016
10 0.16467700000000002 0.23437799999999998 0.0067579999999999975 0.0046720000000000095
10 0.156229 0.229901 0.007884000000000002 0.005839999999999979
10 0.150259 0.23087400000000002 0.006308000000000003 0.005061999999999988
10 0.2332735 0.3319055 0.006533000000000034 0.006228999999999996
10 0.22696550000000001 0.3373565 0.006983000000000006 0.006228999999999996
10 0.23732800000000004 0.3473815 0.005631999999999993 0.005644999999999989
10 0.2892545 0.0938291 0.005857000000000001 0.005450599999999995
10 0.29567449999999995 0.0879891 0.006082999999999972 0.005061399999999994
10 0.3018695 0.08234375000000001 0.007208999999999977 0.0062293000000000045
10 0.3196665 0.08633445 0.007658999999999994 0.0068132999999999996
10 0.3018695 0.21150449999999998 0.007208999999999977 0.006813000000000002
10 0.2784415 0.21101799999999998 0.007209000000000021 0.006230000000000002
10 0.26864150000000003 0.20712450000000002 0.008334999999999981 0.003114999999999979
10 0.278779 0.1925245 0.006983999999999968 0.0062290000000000175
10 0.2721335 0.1873665 0.005857000000000001 0.005645000000000011
10 0.266614 0.1813315 0.005631999999999993 0.005644999999999989
10 0.26391099999999995 0.17461549999999998 0.00383 0.006618999999999997
10 0.26132 0.167705 0.005405999999999978 0.007591999999999999
10 0.2578285 0.1605025 0.005181000000000014 0.00603499999999999
10 0.25433649999999997 0.15398099999999998 0.005857000000000001 0.006230000000000002
10 0.25366049999999996 0.1467785 0.005857000000000001 0.007787000000000011
10 0.3299165 0.0769905 0.007885000000000008 0.0064239999999999966
10 0.311895 0.09334245 0.007433999999999985 0.0068132999999999996
10 0.3088535 0.0765038 0.005406999999999984 0.0046720000000000095
10 0.3040095 0.10025284999999999 0.006533000000000034 0.0054502999999999965
10 0.297139 0.106385 0.0063080000000000245 0.005255999999999994
10 0.29060600000000003 0.1117385 0.007208000000000015 0.006228999999999996
10 0.2842985 0.11777299999999999 0.007209000000000021 0.005840000000000001
10 0.2784415 0.12273700000000001 0.007209000000000021 0.006813999999999987
10 0.272133 0.128577 0.0063080000000000245 0.005645999999999996
10 0.26605049999999997 0.1337355 0.007208999999999977 0.006618999999999997
10 0.2596305 0.1339305 0.0065329999999999885 0.005451000000000006
10 0.334985 0.05343584999999999 0.006758000000000042 0.005645299999999997
10 0.32890300000000006 0.058886499999999994 0.0067579999999999975 0.0052560000000000055
10 0.320568 0.0658945 0.0067579999999999975 0.0056454
10 0.314485 0.0708585 0.0067579999999999975 0.005840000000000001
10 0.356499 0.276134 0.006984000000000013 0.006814000000000009
10 0.36213100000000004 0.281682 0.006983999999999968 0.006618000000000013
10 0.37024100000000004 0.2884955 0.007884000000000002 0.0073970000000000095
10 0.3572875 0.258517 0.007208999999999977 0.007008000000000037
10 0.4580985 0.9276820000000001 0.006083000000000016 0.006423999999999985
10 0.45426900000000003 0.9613585 0.008335999999999988 0.007202999999999982
10 0.450214 0.974888 0.006081999999999965 0.006617999999999924
10 0.41856299999999996 0.9520145 0.006758000000000042 0.005644999999999989
10 0.42385649999999997 0.957076 0.005181000000000058 0.005646000000000128
10 0.4092140000000001 0.9443255 0.007434000000000029 0.007397000000000098
10 0.3955845 0.933035 0.006759000000000004 0.006618000000000101
10 0.40211749999999996 0.9238855000000001 0.007209000000000021 0.006619000000000064
10 0.388939 0.927876 0.005631999999999993 0.005255999999999972
10 0.383307 0.9224254999999999 0.007884000000000002 0.006813000000000002
10 0.3749715 0.9147365000000001 0.008334999999999981 0.0077869999999999
10 0.382406 0.9081175 0.007884000000000002 0.006618999999999886
10 0.36652399999999996 0.9081175 0.00766 0.006618999999999886
10 0.360892 0.9037375000000001 0.0063080000000000245 0.005644999999999989
10 0.36370800000000003 0.8980925 0.007433999999999985 0.006813000000000002
10 0.26627599999999996 0.9724550000000001 0.0067579999999999975 0.005255999999999972
10 0.27607600000000004 0.9647655 0.007433999999999985 0.006229000000000084
10 0.282271 0.9584385000000001 0.0067579999999999975 0.005644999999999989
10 0.28835350000000004 0.9535720000000001 0.007208999999999977 0.006423999999999985
10 0.30998000000000003 0.9349814999999999 0.008110000000000017 0.00739699999999992
10 0.3100925 0.9147365000000001 0.0065329999999999885 0.00545100000000005
10 0.304686 0.9199919999999999 0.006984000000000013 0.005840000000000067
10 0.296801 0.9267085000000002 0.007884000000000002 0.007202999999999982
10 0.29060600000000003 0.9319645000000001 0.0067579999999999975 0.005644999999999989
10 0.28351 0.938388 0.007433999999999985 0.006034000000000006
10 0.3722685 0.8558495 0.0065329999999999885 0.006034999999999968
10 0.327326 0.875316 0.008110000000000017 0.007591999999999999
10 0.45291750000000003 0.9233990000000001 0.00698300000000005 0.006034000000000006
10 0.37981499999999996 0.8613975 0.0067579999999999975 0.00545100000000005
10 0.386686 0.8675294999999998 0.006984000000000013 0.005644999999999989
10 0.4041449999999999 0.7196809999999999 0.005858000000000007 0.005839999999999979
10 0.3797025 0.663714 0.007885000000000008 0.006424000000000074
10 0.363483 0.6106680000000001 0.007434000000000029 0.005839999999999979
10 0.349065 0.623224 0.006081999999999965 0.005255999999999972
10 0.35931499999999994 0.6357794999999999 0.0067579999999999975 0.005450999999999961
10 0.351318 0.642301 0.006983999999999968 0.006034000000000006
10 0.34883949999999997 0.6380185 0.0065329999999999885 0.005644999999999989
10 0.35706249999999995 0.631205 0.007208999999999977 0.006423999999999985
10 0.34129299999999996 0.637824 0.00766 0.006423999999999985
10 0.341293 0.630134 0.007208000000000015 0.005839999999999979
10 0.388601 0.7066380000000001 0.00630799999999998 0.005061999999999944
10 0.39367 0.710726 0.005631999999999993 0.005449999999999999
10 0.39862600000000004 0.7153005 0.005632000000000037 0.005644999999999989
10 0.41101600000000005 0.7246444999999999 0.006082000000000054 0.006035000000000057
10 0.39310649999999997 0.8729805 0.006759000000000004 0.006034999999999968
10 0.4280245 0.7398285 0.005856999999999957 0.005645000000000078
10 0.43433200000000005 0.7449875 0.0063080000000000245 0.006228999999999996
10 0.4415405 0.7510220000000001 0.005856999999999957 0.005449999999999999
10 0.44987600000000005 0.75803 0.00766 0.006229999999999958
10 0.4464969999999999 0.918143 0.008110000000000017 0.006813999999999964
10 0.4397385 0.9121085000000001 0.00540699999999994 0.006035000000000146
10 0.43286750000000007 0.9064629999999999 0.007885000000000008 0.006813999999999964
10 0.4265605 0.9006230000000001 0.006532999999999944 0.006034000000000006
10 0.42025199999999996 0.895367 0.005632000000000037 0.005255999999999972
10 0.4133815 0.8899165 0.005857000000000045 0.006034999999999968
10 0.40763699999999997 0.8846605000000001 0.006081999999999965 0.006034999999999968
10 0.40031550000000005 0.8784310000000002 0.006307000000000018 0.005645999999999951
10 0.3200045 0.8694759999999999 0.006983000000000006 0.006423999999999985
10 0.3135845 0.8640255 0.007208999999999977 0.005644999999999989
10 0.3579635 0.8434885000000001 0.006307000000000018 0.0062289999999999065
10 0.2970265 0.3154565 0.006983000000000006 0.005644999999999989
10 0.3243975 0.357407 0.007658999999999994 0.006618000000000013
10 0.3175265 0.35234550000000003 0.006083000000000016 0.005061000000000026
10 0.33476 0.347479 0.007208000000000015 0.006618000000000013
10 0.328227 0.3417365 0.0063080000000000245 0.005645000000000034
10 0.3113315 0.3467 0.006306999999999974 0.005839999999999979
10 0.3037845 0.34086049999999996 0.006983000000000006 0.005451000000000006
10 0.3200045 0.3350205 0.006983000000000006 0.006228999999999996
10 0.31414749999999997 0.3297645 0.006983000000000006 0.006228999999999996
10 0.2982655 0.3357015 0.007208999999999977 0.005644999999999989
10 0.2922955 0.330543 0.006983000000000006 0.006618000000000013
10 0.3079525 0.3251895 0.005857000000000001 0.005645000000000034
10 0.3025455 0.3207125 0.007209000000000021 0.005644999999999989
10 0.2851995 0.3248005 0.007209000000000021 0.006034999999999968
10 0.3387025 0.3695735 0.006983000000000006 0.006034999999999968
10 0.27832850000000003 0.320031 0.007435000000000036 0.006230000000000002
10 0.2907185 0.31049249999999995 0.006983000000000006 0.005838999999999972
10 0.3974995 0.310882 0.0069829999999999615 0.007007999999999992
10 0.391079 0.305431 0.006758000000000042 0.005839999999999979
10 0.3834195 0.299299 0.007658999999999994 0.0064240000000000295
10 0.39761199999999997 0.29229150000000004 0.00720799999999997 0.006813000000000002
10 0.377112 0.294141 0.00766 0.007007999999999992
10 0.388601 0.284894 0.0067579999999999975 0.006033999999999961
10 0.382631 0.2795405 0.006984000000000013 0.006228999999999996
10 0.3766615 0.2748685 0.007208999999999977 0.006618999999999975
10 0.37024100000000004 0.26951549999999996 0.007884000000000002 0.007203000000000026
10 0.3637085 0.2637725 0.0065329999999999885 0.006228999999999996
10 0.3314935 0.363052 0.006983000000000006 0.005840000000000023
10 0.3419685 0.35341649999999997 0.007208999999999977 0.005645000000000034
10 0.35210600000000003 0.8385244999999999 0.00630799999999998 0.006034999999999968
10 0.2882405 0.7313605 0.004280999999999979 0.006619000000000064
10 0.346024 0.8331710000000001 0.005406000000000022 0.006229999999999869
10 0.33904 0.8266500000000001 0.0063080000000000245 0.006423999999999985
10 0.33115550000000005 0.820907 0.005406999999999984 0.005840000000000067
10 0.3090785 0.8098110000000001 0.006759000000000004 0.0054500000000000885
10 0.3115565 0.8040690000000001 0.007658999999999994 0.006423999999999985
10 0.29646350000000005 0.7950165 0.005857000000000001 0.006618999999999975
10 0.2910565 0.782655 0.004055000000000008 0.006423999999999985
10 0.2866635 0.759393 0.0033789999999999766 0.007007999999999992
10 0.289705 0.7447929999999999 0.0045059999999999874 0.007007999999999992
10 0.2848615 0.7404124999999999 0.004280999999999979 0.006813000000000002
10 0.2972515 0.7366170000000001 0.006083000000000016 0.005839999999999979
10 0.2935345 0.7338915 0.005857000000000001 0.006619000000000064
10 0.272246 0.699435 0.006984000000000013 0.004672000000000054
10 0.354472 0.36412300000000003 0.007433999999999985 0.006034000000000006
10 0.2784415 0.701674 0.007209000000000021 0.00564600000000004
10 0.28148249999999997 0.7049835 0.007885000000000008 0.007202999999999982
10 0.293084 0.6860035 0.0045059999999999874 0.005060999999999982
10 0.2795675 0.6923299999999999 0.011715000000000008 0.009537999999999958
10 0.270556 0.6940820000000001 0.008109999999999973 0.006424000000000074
10 0.3325075 0.429531 0.007209000000000021 0.005255999999999972
10 0.3411805 0.42193899999999995 0.008784999999999998 0.006423999999999985
10 0.3477135 0.415904 0.007434999999999992 0.006423999999999985
10 0.3576255 0.3850495 0.006983000000000006 0.006228999999999996
10 0.3462495 0.376484 0.005857000000000001 0.005839999999999979
10 0.36686199999999997 0.374343 0.006983999999999968 0.006230000000000002
10 0.360216 0.36908700000000005 0.0067579999999999975 0.006230000000000002
10 0.230457 0.35331900000000005 0.006758000000000042 0.005840000000000023
10 0.219869 0.343391 0.0063080000000000245 0.0050620000000000335
10 0.394233 0.6515475000000001 0.007208000000000015 0.006618999999999975
10 0.0773823 0.22153 0.006983600000000001 0.0042819999999999855
10 0.117932 0.4534745 0.007884000000000002 0.006034999999999968
10 0.142825 0.41220549999999995 0.007208000000000015 0.005645000000000078
10 0.13617949999999998 0.4176565 0.006082999999999994 0.005644999999999989
10 0.129196 0.424567 0.006984000000000013 0.006229999999999958
10 0.1217615 0.430991 0.006982999999999984 0.006229999999999958
10 0.1152285 0.4372204999999999 0.007885000000000008 0.006228999999999996
10 0.1080195 0.44306 0.0065329999999999885 0.005840000000000067
10 0.10272585000000001 0.44744 0.006758300000000006 0.005645999999999951
10 0.06656904999999999 0.44344900000000004 0.007434099999999999 0.007007999999999992
10 0.0610498 0.438875 0.005857200000000007 0.006034000000000006
10 0.05462940000000001 0.4338135 0.00608240000000001 0.005644999999999989
10 0.04911015 0.42894699999999997 0.008109899999999998 0.007202000000000019
10 0.0428024 0.423691 0.007208799999999999 0.006423999999999985
10 0.0359315 0.41746150000000004 0.008335199999999997 0.006813000000000002
10 0.02917325 0.412303 0.006082500000000002 0.005840000000000067
10 0.04201395 0.264454 0.007434099999999999 0.005256000000000016
10 0.05113765 0.2607555 0.0076592999999999965 0.004866999999999999
10 0.058684400000000005 0.2575435 0.007884599999999997 0.005451000000000006
10 0.0687092 0.253942 0.007659399999999994 0.005256000000000016
10 0.0773823 0.25053549999999997 0.007884599999999997 0.005061000000000026
10 0.08661859999999999 0.246934 0.008335199999999997 0.005645999999999996
10 0.11691850000000001 0.23428050000000003 0.007659000000000016 0.005645000000000034
10 0.14147349999999997 0.22367150000000002 0.007208999999999998 0.0042829999999999925
10 0.11049799999999999 0.208487 0.006081999999999988 0.0035040000000000405
10 0.103965 0.21101799999999998 0.0074340000000000074 0.005061999999999988
10 0.09360215000000001 0.2193885 0.006983499999999998 0.0042829999999999925
10 0.0954044 0.21422999999999998 0.0087858 0.005256000000000016
10 0.12367650000000001 0.448316 0.007659000000000016 0.007007999999999992
10 0.13066 0.44257349999999995 0.006308000000000003 0.005645000000000078
10 0.13640449999999998 0.4365385 0.008335000000000004 0.006813000000000002
10 0.1090335 0.512264 0.006306999999999996 0.00564600000000004
10 0.053390400000000005 0.6432745 0.007208799999999999 0.004476999999999976
10 0.043253 0.645805 0.007208799999999999 0.004477999999999938
10 0.0448299 0.6403545 0.007659399999999999 0.004476999999999976
10 0.13933299999999998 0.5042825 0.006082000000000009 0.005644999999999989
10 0.132913 0.49873449999999997 0.0067579999999999975 0.006618999999999975
10 0.1259295 0.49338150000000003 0.007658999999999994 0.006813000000000002
10 0.11973400000000001 0.48773600000000006 0.0074340000000000074 0.006423999999999985
10 0.1405725 0.5388360000000001 0.007659000000000016 0.006618000000000013
10 0.1339265 0.533288 0.006983000000000006 0.006034000000000006
10 0.1271685 0.527935 0.006983000000000006 0.005840000000000067
10 0.1208605 0.521997 0.006533000000000011 0.005255999999999972
10 0.1150035 0.5173255 0.006983000000000006 0.006034999999999968
10 0.103402 0.5076890000000001 0.006308000000000003 0.005839999999999979
10 0.14305050000000002 0.430699 0.007208999999999998 0.006034000000000006
10 0.09731939999999999 0.502336 0.007209199999999994 0.006034000000000006
10 0.08999775000000002 0.49649599999999994 0.006082500000000002 0.00564600000000004
10 0.0765938 0.4853025000000001 0.007208799999999993 0.006618999999999975
10 0.07028609999999999 0.47994900000000007 0.006758199999999992 0.005256000000000061
10 0.0631899 0.474207 0.006983600000000001 0.005840000000000067
10 0.05046185000000001 0.463889 0.006758300000000006 0.005840000000000067
10 0.04314035 0.4566865 0.006983499999999998 0.006228999999999996
10 0.03548095 0.4502625 0.0078847 0.006228999999999996
10 0.0282721 0.44481199999999993 0.006533 0.005839999999999979
10 0.111962 0.4816039999999999 0.00766 0.007007999999999992
10 0.106105 0.47634799999999994 0.0067579999999999975 0.005449999999999999
10 0.103965 0.46972900000000006 0.0029279999999999974 0.005839999999999979
10 0.0860554 0.21763700000000002 0.007208800000000004 0.0046720000000000095
10 0.0690471 0.224742 0.007884600000000009 0.004865999999999993
10 0.21412500000000004 0.348355 0.006082000000000009 0.005256000000000016
10 0.06048659999999999 0.22834349999999998 0.008335199999999997 0.005060999999999982
10 0.051700800000000005 0.016935949999999998 0.0065329999999999945 0.0054507
10 0.05733269999999999 0.0158653 0.006533 0.005255999999999999
10 0.06690694999999999 0.012945300000000002 0.007208900000000007 0.0048666000000000004
10 0.08560490000000001 0.0168386 0.007208800000000004 0.006423999999999999
10 0.1059925 0.0247226 0.0047309999999999965 0.006229399999999999
10 0.102388 0.01839595 0.005632000000000003 0.0068132999999999996
10 0.09912164999999999 0.01197198984375 0.006758699999999995 0.007592020312499999
10 0.09641809999999999 0.00467198984375 0.004955999999999993 0.0058399796875
1 0.2027485 0.41979749999999993 0.04956100000000001 0.042630999999999995
1 0.2198695 0.405295 0.048209000000000016 0.04165799999999997
13 0.8238344999999999 0.9460770000000001 0.010363000000000077 0.007008000000000081
13 0.8237214999999999 0.9660305000000001 0.04437900000000017 0.031731000000000086
13 0.7891415 0.4256375 0.038297000000000025 0.033286999999999976
13 0.41845 0.0904224 0.025455999999999968 0.021997200000000005
13 0.4907635 0.2058595 0.037621000000000036 0.031340999999999994
13 0.614778 0.307962 0.036946000000000014 0.032703999999999976
13 0.5371705 0.6505745000000001 0.037620999999999946 0.034261000000000055
13 0.629984 0.723963 0.028160000000000008 0.02452799999999993
13 0.0293985203125 0.7736034999999999 0.040774959375 0.038933000000000016
13 0.3516555 0.542048 0.036945000000000006 0.03212000000000002
13 0.33104300000000003 0.5603465 0.013291999999999993 0.012263000000000001
13 0.118157 0.350788 0.01238999999999999 0.009344000000000019
13 0.11612965 0.3301535 0.035818699999999995 0.022970999999999984
13 0.284636 0.133736 0.015093999999999986 0.014016000000000006
8 0.23113299999999998 0.76533 0.14733 0.13918600000000003
8 0.5448299999999999 0.48530249999999997 0.24622599999999997 0.212965
8 0.8063755 0.25423399999999996 0.175941 0.16935999999999998
10 0.08673125 0.02744795 0.006307699999999994 0.0050612999999999995
10 0.09112415 0.033871899999999996 0.0051813 0.005840000000000001
10 0.1128635 0.03844655 0.005407000000000006 0.006034699999999999
10 0.1429375 0.0942184 0.005180999999999991 0.007008000000000003
10 0.051926099999999996 0.23165300000000003 0.007884599999999997 0.0046720000000000095
10 0.044041449999999996 0.23467000000000002 0.006983499999999998 0.004477999999999982
10 0.037170550000000004 0.238077 0.0040549 0.003503999999999996
10 0.14710499999999999 0.13986800000000002 0.0031540000000000123 0.006424000000000008
10 0.144627 0.133249 0.005405999999999999 0.005645999999999996
10 0.1629875 0.1278955 0.0065329999999999885 0.005451000000000006
10 0.135954 0.11650749999999999 0.005631999999999993 0.00603499999999999
10 0.154314 0.1152425 0.004956000000000005 0.006228999999999996
10 0.150822 0.10930499999999999 0.005632000000000015 0.0072019999999999975
10 0.1466545 0.10181035000000001 0.005406999999999984 0.007397300000000007
10 0.132462 0.1103755 0.004955999999999983 0.006228999999999996
10 0.1288575 0.10404900000000002 0.005857000000000001 0.006813999999999987
10 0.1258165 0.09781955 0.005181000000000014 0.006812899999999988
10 0.11635499999999999 0.04457855 0.006081999999999988 0.0066187
10 0.1217615 0.09042239999999999 0.006082999999999994 0.0072026000000000034
10 0.1186075 0.08341445 0.0065329999999999885 0.0068132999999999996
10 0.113877 0.0756278 0.005631999999999993 0.006813399999999992
10 0.110273 0.0682305 0.005631999999999993 0.0072026000000000034
10 0.10621749999999999 0.0612225 0.006533000000000011 0.007591999999999999
10 0.102388 0.053922500000000005 0.005632000000000003 0.006618599999999997
10 0.139108 0.08701575 0.005181999999999997 0.0066187
10 0.1351655 0.0797158 0.005407000000000006 0.0064239999999999966
10 0.13156099999999998 0.0724158 0.005405999999999999 0.007008000000000003
10 0.12795649999999997 0.06579715 0.005407000000000006 0.0062293000000000045
10 0.1239015 0.05839985000000001 0.005406999999999984 0.0062293000000000045
10 0.120072 0.0509052 0.004956000000000005 0.006034599999999996
10 0.06240144999999999 0.6462920000000001 0.008560500000000004 0.004671999999999965
10 0.07186305 0.649017 0.008109899999999993 0.0050620000000000335
10 0.08019825 0.6523265 0.006307699999999994 0.004282999999999948
10 0.08864609999999999 0.655733 0.006533 0.004865999999999993
10 0.2462265 0.594705 0.007209000000000021 0.006617999999999924
10 0.240144 0.5894489999999999 0.0063080000000000245 0.006618000000000013
10 0.233386 0.5835115 0.008110000000000017 0.007202999999999982
10 0.226177 0.577477 0.00766 0.006813999999999964
10 0.22583899999999998 0.5432159999999999 0.006984000000000013 0.006423999999999985
10 0.219081 0.5718314999999999 0.006984000000000013 0.006813000000000002
10 0.2609825 0.4926025 0.008334999999999981 0.006034999999999968
10 0.251971 0.500779 0.006984000000000013 0.006423999999999985
10 0.245438 0.5065215000000001 0.007434000000000029 0.006618999999999975
10 0.23980600000000002 0.511777 0.006984000000000013 0.005839999999999979
10 0.23406200000000005 0.516644 0.0067579999999999975 0.006229999999999958
10 0.22302349999999999 0.526572 0.007209000000000021 0.006230000000000046
10 0.21243499999999998 0.535624 0.008109999999999973 0.006423999999999985
10 0.145641 0.5101225 0.007433999999999985 0.006813000000000002
10 0.152399 0.515184 0.006984000000000013 0.005645999999999951
10 0.15904500000000002 0.5212185 0.006308000000000003 0.005644999999999989
10 0.1655775 0.526377 0.007209000000000021 0.005840000000000067
10 0.17312500000000003 0.5331910000000001 0.0074340000000000074 0.005839999999999979
10 0.1467675 0.5448705 0.008335000000000004 0.006618999999999975
10 0.153638 0.549932 0.006308000000000003 0.005840000000000067
10 0.1727865 0.5564535 0.007208999999999998 0.007202999999999982
10 0.170196 0.5642400000000001 0.007884000000000002 0.006034000000000006
10 0.1772925 0.5701769999999999 0.007208999999999998 0.005449999999999999
10 0.1837125 0.575725 0.006533000000000011 0.006423999999999985
10 0.1906965 0.5810784999999999 0.0065329999999999885 0.006228999999999996
10 0.1984685 0.5813699999999999 0.005857000000000001 0.005255999999999972
10 0.196666 0.5863345000000001 0.006757999999999975 0.005450999999999961
10 0.25388599999999995 0.6008370000000001 0.0067579999999999975 0.006034000000000006
10 0.2596305 0.605898 0.007434999999999992 0.006423999999999985
10 0.2711195 0.61534 0.006533000000000034 0.005839999999999979
10 0.1612975 0.3952695 0.007208999999999998 0.006813000000000002
10 0.21863000000000002 0.36363650000000003 0.007433999999999985 0.006228999999999996
10 0.21322349999999995 0.36821099999999996 0.006983000000000006 0.005645999999999996
10 0.20725350000000003 0.373759 0.007208999999999977 0.005839999999999979
10 0.1986935 0.381643 0.007208999999999998 0.006034000000000006
10 0.19193500000000002 0.387483 0.006758000000000019 0.005645999999999996
10 0.19396249999999998 0.3666535 0.006306999999999996 0.005644999999999989
10 0.1878805 0.371812 0.005857000000000001 0.0046720000000000095
10 0.182023 0.377068 0.0067579999999999975 0.005839999999999979
10 0.184163 0.3899165 0.00698399999999999 0.006618999999999975
10 0.17335 0.384563 0.006082000000000009 0.006814000000000009
10 0.1680555 0.38933249999999997 0.007208999999999998 0.006228999999999996
10 0.1757155 0.4019855 0.007208999999999998 0.006228999999999996
10 0.1685065 0.40831249999999997 0.007658999999999994 0.006813000000000002
10 0.28441099999999997 0.6270195 0.007433999999999985 0.006618999999999975
10 0.16219899999999998 0.41424950000000005 0.008109999999999996 0.006618999999999975
10 0.1548775 0.42038149999999996 0.007885000000000008 0.006813000000000002
10 0.1490205 0.425443 0.0065329999999999885 0.005645999999999951
10 0.30716350000000003 0.45220950000000004 0.007885000000000008 0.0073970000000000095
10 0.299617 0.4586335 0.007208000000000015 0.006228999999999996
10 0.2926335 0.46466799999999997 0.007658999999999994 0.006618000000000013
10 0.25321 0.6342225 0.00766 0.006229000000000084
10 0.2603065 0.6401595 0.007885000000000008 0.0072030000000000705
10 0.26875400000000005 0.647265 0.0067579999999999975 0.006618000000000013
10 0.2755125 0.6527155 0.007209000000000021 0.006228999999999996
10 0.2751745 0.6395755000000001 0.007885000000000008 0.006813000000000002
10 0.2940975 0.634904 0.0065329999999999885 0.006424000000000074
10 0.2024105 0.5910059999999999 0.006982999999999984 0.007007999999999992
10 0.22662749999999998 0.6041465 0.006759000000000004 0.006035000000000057
10 0.22200949999999997 0.607845 0.006082999999999972 0.004865999999999993
10 0.105091 0.7096555 0.006082000000000009 0.004477000000000064
10 0.11207500000000001 0.856823 0.0074340000000000074 0.007202000000000019
10 0.121536 0.848452 0.007433999999999985 0.006423999999999985
10 0.12851949999999998 0.841931 0.006533000000000011 0.005840000000000067
10 0.1227755 0.8240215 0.006759000000000004 0.0062289999999999065
10 0.1308855 0.8068915000000001 0.007659000000000016 0.0062289999999999065
10 0.12863249999999998 0.8186685 0.007658999999999994 0.006034999999999968
10 0.1445145 0.827526 0.008784999999999998 0.008176000000000095
10 0.1578055 0.8156514999999999 0.009687000000000001 0.008564999999999934
10 0.14023449999999998 0.7277595 0.006983000000000006 0.005644999999999989
10 0.132913 0.7236715 0.00766 0.005644999999999989
10 0.125366 0.7198755 0.008335999999999988 0.006228999999999996
10 0.111737 0.7123809999999999 0.00766 0.005255999999999972
10 0.09799525 0.7059565 0.005857499999999993 0.004476999999999976
10 0.07997295 0.8616895 0.008109900000000003 0.006813000000000002
10 0.0906736 0.7030365 0.006983600000000001 0.004867000000000043
10 0.08312685 0.6995324999999999 0.006307699999999994 0.004867000000000043
10 0.06003605000000001 0.6901885 0.006983499999999998 0.004866999999999955
10 0.051926099999999996 0.6880475 0.007884599999999997 0.004867000000000043
10 0.044154099999999995 0.685128 0.007208799999999999 0.004087999999999958
10 0.03570625 0.682597 0.007434099999999999 0.004087999999999958
10 0.02680785 0.6797745 0.0081099 0.004283000000000037
10 0.1273935 0.67228 0.006983000000000006 0.005256000000000061
10 0.1196215 0.6686785000000001 0.006759000000000004 0.005060999999999982
10 0.09540435 0.6695545 0.0078847 0.005644999999999989
10 0.1108355 0.6653689999999999 0.007658999999999994 0.005449999999999999
10 0.0979952 0.659042 0.007659600000000011 0.005255999999999972
10 0.08706915 0.855071 0.0078847 0.006034000000000006
10 0.0732147 0.86753 0.005857200000000007 0.005255999999999972
10 0.227754 0.6126145000000001 0.007208000000000015 0.00545100000000005
10 0.1612975 0.7743819999999999 0.004505000000000004 0.006229999999999958
10 0.23451250000000004 0.618844 0.005857000000000001 0.005840000000000067
10 0.23980600000000002 0.622834 0.006082000000000009 0.005255999999999972
10 0.246114 0.627993 0.006984000000000013 0.007007999999999992
10 0.2152515 0.7123805 0.007885000000000008 0.004866999999999955
10 0.1643385 0.691649 0.008335000000000004 0.005839999999999979
10 0.17053400000000002 0.707514 0.0067579999999999975 0.006034000000000006
10 0.1727865 0.7671789999999999 0.004055000000000008 0.008176000000000006
6 0.24273499999999998 0.8213940000000001 0.011940000000000017 0.0052560000000001494
10 0.231809 0.8228535000000001 0.007208000000000015 0.0031149999999998458
10 0.17357550000000002 0.825676 0.006533000000000011 0.005255999999999972
10 0.17841849999999998 0.8303485 0.007659000000000016 0.006034999999999968
10 0.1626495 0.781585 0.004055000000000008 0.005839999999999979
10 0.1607345 0.764162 0.0033789999999999988 0.006034000000000006
10 0.06780805 0.8725909999999999 0.006307700000000005 0.005645999999999951
10 0.1600585 0.756667 0.0038289999999999934 0.005839999999999979
6 0.1610725 0.748297 0.004505000000000004 0.009344000000000019
10 0.15926999999999997 0.7389525000000001 0.005405999999999999 0.006228999999999996
10 0.153751 0.8647069999999999 0.007884000000000002 0.007007999999999903
10 0.1217615 0.9688535 0.006533000000000011 0.0038930000000000574
10 0.11579199999999998 0.964668 0.006308000000000003 0.006034000000000006
10 0.1099345 0.959996 0.005857000000000001 0.004865999999999993
10 0.09225055 0.9634025000000002 0.007434099999999999 0.006619000000000064
10 0.10216244999999999 0.95328 0.006983100000000009 0.006230000000000046
10 0.0831268 0.9124005000000001 0.007208799999999993 0.006619000000000064
6 0.10756915 0.903543 0.02365369999999999 0.020830000000000126
10 0.061725600000000005 0.8777495 0.007208800000000004 0.006229000000000084
10 0.3877 0.6572899999999999 0.007208000000000015 0.006423999999999985
10 0.40076599999999996 0.6456105 0.00766 0.007202999999999982
10 0.614215 0.582733 0.006983999999999923 0.005645999999999951
10 0.6509349999999999 0.614269 0.006082000000000054 0.004865999999999993
10 0.604303 0.846603 0.007433999999999941 0.007008000000000081
10 0.5978825000000001 0.8519565 0.007209000000000021 0.005645000000000166
10 0.592476 0.8569205 0.006757999999999953 0.006618999999999886
10 0.7205450000000001 0.361884 0.006984000000000013 0.005839999999999979
10 0.7110835 0.3706445 0.0069829999999999615 0.006228999999999996
10 0.7054515 0.37541349999999996 0.00698300000000005 0.005645000000000034
10 0.699707 0.3806695 0.006757999999999953 0.006813000000000002
10 0.6933995 0.38612 0.007209000000000021 0.0064240000000000295
10 0.658707 0.4118164999999999 0.006758000000000042 0.006035000000000057
10 0.664902 0.41162150000000003 0.007434000000000029 0.0072030000000000705
10 0.6496959999999999 0.45055449999999997 0.005406000000000066 0.006035000000000057
10 0.6536379999999999 0.466128 0.0038300000000000443 0.006034000000000006
10 0.6505965 0.47303850000000003 0.004054999999999964 0.008564999999999934
10 0.6554405 0.476445 0.0033789999999999766 0.006423999999999985
10 0.6538634999999999 0.4827719999999999 0.006533000000000034 0.007007999999999992
10 0.654539 0.492408 0.004279999999999973 0.006034000000000006
10 0.6538635 0.49970800000000004 0.0033789999999999766 0.006618000000000013
10 0.6759405 0.5452600000000001 0.0069829999999999615 0.006229999999999958
10 0.6846135 0.552268 0.007209000000000021 0.006618000000000013
10 0.692048 0.5585945 0.006758000000000042 0.006034999999999968
10 0.7024105 0.567549 0.006759000000000004 0.005645999999999951
10 0.71052 0.5740705 0.008109999999999928 0.0073970000000000095
10 0.7164905 0.5799099999999999 0.006532999999999944 0.005839999999999979
10 0.622212 0.5899355 0.0063080000000000245 0.005644999999999989
10 0.6299845 0.5965545 0.006533000000000034 0.005644999999999989
10 0.637531 0.6027834999999999 0.006757999999999953 0.006035000000000057
10 0.645641 0.6091105000000001 0.006307999999999936 0.005060999999999982
10 0.611399 0.8587700000000001 0.00720799999999997 0.006423999999999985
10 0.6178195000000001 0.8532215000000001 0.006533000000000034 0.0062289999999999065
10 0.6351655 0.6459995000000001 0.006532999999999944 0.006034999999999968
10 0.6014865 0.4159045 0.009011000000000014 0.007202999999999982
10 0.7079295 0.3048475 0.006532999999999944 0.0073970000000000095
10 0.7009460000000001 0.3110765 0.006984000000000013 0.005838999999999972
10 0.6944134999999999 0.316819 0.006533000000000034 0.005645999999999996
10 0.6874295 0.3224645 0.008334999999999936 0.007203000000000026
10 0.6812345000000001 0.327915 0.006759000000000004 0.006034000000000006
10 0.6748139999999999 0.3338525 0.006984000000000013 0.006228999999999996
10 0.6690695 0.339303 0.007209000000000021 0.006229999999999958
10 0.6627620000000001 0.34514300000000003 0.00766 0.007398000000000016
10 0.6556655 0.351275 0.006532999999999944 0.006034000000000006
10 0.6282949999999999 0.374927 0.006758000000000042 0.006618000000000013
10 0.6276189999999999 0.38388150000000004 0.0063080000000000245 0.005451000000000006
10 0.6282945 0.39040299999999994 0.005407000000000028 0.005645999999999996
10 0.5832395 0.575141 0.005856999999999957 0.006034000000000006
10 0.6289705 0.651548 0.005857000000000045 0.004672000000000054
10 0.6026135 0.5655049999999999 0.00540699999999994 0.006618000000000013
10 0.6076819999999999 0.5594705 0.007434000000000029 0.005060999999999982
10 0.62041 0.550516 0.00766 0.007007999999999992
10 0.6263799999999999 0.5452600000000001 0.007434000000000029 0.005839999999999979
10 0.633476 0.5380575000000001 0.006757999999999953 0.0073970000000000095
10 0.592926 0.664493 0.0063080000000000245 0.006033999999999917
10 0.602951 0.6749075 0.006081999999999965 0.005060999999999982
10 0.5996845000000001 0.6585555 0.006759000000000004 0.006618999999999975
10 0.6064425 0.652618 0.0072089999999999325 0.006423999999999985
10 0.612413 0.6663425000000001 0.007433999999999941 0.006228999999999996
10 0.6178195000000001 0.661573 0.00698300000000005 0.005645999999999951
10 0.622663 0.6570954999999999 0.006757999999999953 0.006035000000000057
10 0.6314485 0.6165075 0.0063070000000000626 0.00545100000000005
10 0.6602840000000001 0.6216665 0.00766 0.006034999999999968
10 0.7827215000000001 0.7438195000000001 0.006533000000000034 0.005450999999999961
10 0.6669295 0.6267275 0.006532999999999944 0.005644999999999989
10 0.6377565000000001 0.916488 0.007209000000000021 0.007008000000000081
10 0.7061275 0.9487055 0.006083000000000016 0.006034999999999968
10 0.7248255 0.950944 0.00698300000000005 0.006230000000000046
10 0.727754 0.943352 0.007433999999999941 0.0058399999999998896
10 0.7171665 0.9386800000000001 0.006532999999999944 0.005840000000000067
10 0.7235865 0.932938 0.006759000000000004 0.006423999999999985
10 0.732034 0.9255405 0.006984000000000013 0.005644999999999989
10 0.7399185 0.936831 0.006532999999999944 0.006034000000000006
10 0.7474655 0.9313805000000001 0.007659000000000038 0.006813000000000002
10 0.7534354999999999 0.9258325 0.007434999999999992 0.0062289999999999065
10 0.7594055 0.920284 0.0072089999999999325 0.005255999999999972
10 0.7661635 0.914639 0.007659000000000038 0.006034000000000006
10 0.7755124999999999 0.9062684999999998 0.006533000000000034 0.005644999999999989
10 0.782721 0.9004280000000001 0.007433999999999941 0.006423999999999985
10 0.7624465 0.8986765 0.006533000000000034 0.006034999999999968
10 0.792521 0.8912789999999999 0.006757999999999953 0.006034000000000006
10 0.807952 0.8776525 0.007433999999999941 0.005644999999999989
10 0.816062 0.8713255 0.006983999999999923 0.006618999999999886
10 0.8283400000000001 0.8600350000000001 0.006307999999999936 0.006230000000000046
10 0.725276 0.7391475 0.006984000000000013 0.006228999999999996
10 0.7316965 0.7526765 0.007659000000000038 0.006813000000000002
10 0.7376665 0.7465445 0.006532999999999944 0.006228999999999996
10 0.7449875 0.7402179999999999 0.0063070000000000626 0.005256000000000061
10 0.7332734999999999 0.7321394999999999 0.007209000000000021 0.006619000000000064
10 0.727641 0.697294 0.0063080000000000245 0.005449999999999999
10 0.7334984999999999 0.7021605 0.007659000000000038 0.006228999999999996
10 0.7400315 0.708098 0.006306999999999974 0.005255999999999972
10 0.6308849999999999 0.9105509999999999 0.007434000000000029 0.006423999999999985
10 0.623451 0.9046135 0.007434000000000029 0.006619000000000064
10 0.6118494999999999 0.8954640000000001 0.007209000000000021 0.007007999999999903
10 0.7203195 0.691357 0.006532999999999944 0.005255999999999972
10 0.672561 0.6314970000000001 0.007434000000000029 0.006229999999999958
10 0.6699705 0.6482385 0.007209000000000021 0.006618999999999975
10 0.6831495000000001 0.641133 0.006533000000000034 0.006033999999999917
10 0.688894 0.6465835 0.00766 0.007202999999999982
10 0.6966659999999999 0.651937 0.006984000000000013 0.006618000000000013
10 0.7026355000000001 0.657388 0.007209000000000021 0.005840000000000067
10 0.691935 0.6675105 0.007884000000000047 0.006228999999999996
10 0.7000455000000001 0.6745184999999999 0.006533000000000034 0.005450999999999961
10 0.7089435 0.663033 0.007658999999999949 0.006230000000000046
10 0.7154765 0.668192 0.007659000000000038 0.006423999999999985
10 0.7082675 0.68104 0.006306999999999974 0.005256000000000061
10 0.7144625 0.6859065 0.006533000000000034 0.004476999999999976
10 0.7185175 0.745571 0.0069829999999999615 0.007007999999999992
10 0.6376435 0.8358964999999999 0.007885000000000008 0.007787000000000077
10 0.7021850000000001 0.7596845 0.006758000000000042 0.006034999999999968
10 0.715251 0.7674715 0.00766 0.006034999999999968
10 0.6956519999999999 0.784018 0.006758000000000042 0.005645999999999951
10 0.6967785 0.7642595 0.006759000000000004 0.005061000000000071
10 0.6847265 0.775258 0.006532999999999944 0.005645999999999951
10 0.6787565000000001 0.7805139999999999 0.006759000000000004 0.006034000000000006
10 0.6836 0.7955035 0.006984000000000013 0.006035000000000057
10 0.6539759999999999 0.8023165000000001 0.0063080000000000245 0.006035000000000057
10 0.6480064999999999 0.8073779999999999 0.006533000000000034 0.006423999999999985
10 0.664226 0.813023 0.005632000000000037 0.0052560000000001494
10 0.6357285 0.8182790000000001 0.00540699999999994 0.005255999999999972
10 0.6311104999999999 0.841931 0.00698300000000005 0.006618000000000101
10 0.5257944999999999 0.019174649999999998 0.007209000000000021 0.003309300000000001
10 0.5330030000000001 0.0218026 0.0063080000000000245 0.0054506
10 0.5404370000000001 0.025695950000000002 0.00720799999999997 0.005061300000000002
10 0.540099 0.0317306 0.007883999999999957 0.005840000000000001
10 0.5460689999999999 0.850788 0.00991200000000001 0.008760000000000013
10 0.5343545000000001 0.127117 0.007209000000000021 0.007008000000000014
10 0.5256814999999999 0.119233 0.007434999999999992 0.006813999999999987
10 0.528272 0.12254200000000001 0.006758000000000042 0.005255999999999994
10 0.5313135 0.124781 0.006532999999999944 0.006230000000000002
10 0.4998875 0.11349000000000001 0.0072089999999999325 0.005840000000000001
10 0.5076595 0.10755300000000001 0.0069829999999999615 0.006033999999999984
10 0.5232034999999999 0.0935371 0.008335000000000026 0.006034600000000001
10 0.5318765 0.0857504 0.007658999999999949 0.007591999999999999
10 0.502253 0.2976445 0.006984000000000013 0.006228999999999996
10 0.5094615 0.291513 0.0069829999999999615 0.006423999999999985
10 0.517459 0.284115 0.008560000000000035 0.0064240000000000295
10 0.5096864999999999 0.2722405 0.006533000000000034 0.006035000000000013
10 0.5194865 0.26387 0.0072089999999999325 0.006423999999999985
10 0.5247805 0.27798350000000005 0.006083000000000016 0.005451000000000006
10 0.5315385 0.272046 0.008334999999999936 0.007202000000000019
10 0.54269 0.2619235 0.006757999999999953 0.006035000000000013
10 0.525118 0.258127 0.006758000000000042 0.005839999999999979
10 0.530863 0.25384450000000003 0.005631999999999948 0.005061000000000026
10 0.5366070000000001 0.24800449999999996 0.006758000000000042 0.005451000000000006
10 0.5442665 0.241678 0.007658999999999949 0.0064240000000000295
10 0.5799730000000001 0.229317 0.007434000000000029 0.007007999999999992
10 0.568484 0.23885550000000003 0.006082000000000054 0.005451000000000006
10 0.55722 0.23048450000000004 0.006984000000000013 0.006619000000000019
10 0.564767 0.22376849999999998 0.006758000000000042 0.006813000000000002
10 0.5787340000000001 0.2109205 0.007208000000000059 0.006812999999999958
10 0.5918 0.1991435 0.008559999999999946 0.0073970000000000095
10 0.5364945000000001 0.831516 0.007885000000000008 0.007591999999999999
10 0.5437035 0.8368694999999999 0.006532999999999944 0.0062289999999999065
10 0.5493355 0.842028 0.0069829999999999615 0.006424000000000163
10 0.5376215 0.7135485 0.006533000000000034 0.005644999999999989
10 0.5732145 0.5730000000000001 0.0069829999999999615 0.004088000000000047
10 0.5639784999999999 0.574557 0.007885000000000008 0.004087999999999958
10 0.5554180000000001 0.575141 0.006984000000000013 0.003310000000000013
10 0.5465194999999999 0.575725 0.008109000000000055 0.0029199999999999448
10 0.5378465 0.575725 0.006533000000000034 0.0029199999999999448
10 0.5291735 0.574654 0.0072089999999999325 0.0035039999999999516
6 0.49786 0.536013 0.016220000000000033 0.005255999999999972
10 0.5710745 0.4052949999999999 0.007658999999999949 0.005449999999999999
10 0.5296234999999999 0.739926 0.007209000000000021 0.006230000000000046
10 0.5352555000000001 0.73467 0.007659000000000038 0.006618000000000013
10 0.5260195 0.723087 0.007209000000000021 0.006423999999999985
10 0.54269 0.7277595 0.008110000000000017 0.007202999999999982
10 0.565668 0.707611 0.00720799999999997 0.005840000000000067
10 0.518022 0.815067 0.006984000000000013 0.006617999999999924
10 0.571525 0.7026475 0.0063080000000000245 0.005645000000000078
10 0.5473079999999999 0.7045939999999999 0.007434000000000029 0.006034000000000006
10 0.5529395 0.699435 0.006532999999999944 0.005839999999999979
10 0.5590225 0.694569 0.006533000000000034 0.005840000000000067
10 0.5652174999999999 0.689021 0.007209000000000021 0.006423999999999985
10 0.5717504999999999 0.683765 0.006759000000000004 0.006423999999999985
10 0.5781705 0.6969044999999999 0.005181000000000058 0.005450999999999961
10 0.58369 0.691746 0.005857999999999919 0.006034000000000006
10 0.5902229999999999 0.6859065 0.005858000000000007 0.005644999999999989
10 0.5956300000000001 0.680748 0.008110000000000017 0.005840000000000067
10 0.5804235 0.6753945 0.005630999999999986 0.005644999999999989
10 0.5865055 0.670333 0.006532999999999944 0.00564600000000004
10 0.6091464999999999 0.19671 0.007659000000000038 0.006424000000000008
10 0.6234515 0.145221 0.006532999999999944 0.007398000000000016
10 0.6190585000000001 0.137629 0.005857000000000045 0.007398000000000016
10 0.5915744999999999 0.06258515 0.005857000000000045 0.006034699999999993
10 0.6351655 0.11222499999999999 0.005180999999999969 0.006814000000000009
10 0.6302095 0.10541149999999999 0.006533000000000034 0.006813000000000002
10 0.625366 0.09820920000000001 0.005857999999999919 0.005645600000000006
10 0.6159045 0.0866264 0.005856999999999957 0.005840000000000001
10 0.6102725 0.08078645 0.0063070000000000626 0.005839899999999998
10 0.60419 0.07426515 0.006757999999999953 0.007202700000000006
10 0.5701734999999999 0.07728245 0.007209000000000021 0.0066187
10 0.5636405 0.07202644999999999 0.006759000000000004 0.005061300000000002
10 0.5559810000000001 0.0696905 0.008110000000000017 0.0031145999999999895
10 0.5475334999999999 0.0717345 0.006533000000000034 0.006034600000000001
10 0.5797475000000001 0.06667315 0.00698300000000005 0.006034700000000004
10 0.5981075 0.06813315 0.005857000000000045 0.006229299999999993
10 0.5492225 0.06560250000000001 0.007659000000000038 0.005061400000000005
10 0.644289 0.1277985 0.0063080000000000245 0.007203000000000004
10 0.5357065000000001 0.0602492 0.004055000000000053 0.0052560000000000055
10 0.5342420000000001 0.0520732 0.007434000000000029 0.0068134000000000024
10 0.5268075 0.04603855 0.008335000000000026 0.006423900000000005
10 0.5197115 0.0423399 0.007209000000000021 0.005255999999999999
10 0.512278 0.03864125 0.008110000000000017 0.005645299999999997
10 0.5832395 0.055285150000000005 0.006306999999999974 0.0062293000000000045
10 0.576594 0.04993185 0.006082000000000054 0.006034699999999999
10 0.5649919999999999 0.0476932 0.00766 0.006229399999999996
10 0.5700609999999999 0.044675900000000004 0.007434000000000029 0.006034600000000001
10 0.5622885 0.0393226 0.007209000000000021 0.005840000000000001
10 0.5546295000000001 0.0344559 0.007209000000000021 0.006229399999999996
10 0.547984 0.02997855 0.006081999999999965 0.005061300000000002
10 0.639108 0.11942750000000002 0.005406000000000066 0.007203000000000004
10 0.6489075 0.1363635 0.006083000000000016 0.007980999999999993
10 0.61399 0.12945299999999998 0.005631999999999948 0.006618000000000013
10 0.6841630000000001 0.22600749999999997 0.0063080000000000245 0.005451000000000006
10 0.6101595 0.1225425 0.006533000000000034 0.006813000000000002
10 0.6053165 0.11582650000000001 0.006759000000000004 0.007396999999999987
10 0.5997975 0.108818 0.005180999999999969 0.005840000000000001
10 0.5941655000000001 0.10229705 0.006083000000000016 0.006423900000000005
10 0.588421 0.09577575 0.006758000000000042 0.0066187
10 0.6936249999999999 0.2140355 0.0063080000000000245 0.006813000000000002
10 0.688781 0.207806 0.006081999999999965 0.006814000000000009
10 0.6829245 0.20031149999999998 0.006533000000000034 0.007396999999999987
10 0.678531 0.194374 0.006307999999999936 0.006814000000000009
10 0.6744765 0.1880475 0.00540699999999994 0.0062290000000000175
10 0.6703085 0.18113700000000002 0.005180999999999969 0.006424000000000008
10 0.6663665 0.1742265 0.00540699999999994 0.006618999999999997
10 0.6757155 0.218123 0.006532999999999944 0.0064240000000000295
10 0.652512 0.143177 0.00518200000000002 0.007202000000000019
10 0.675152 0.23252899999999999 0.006757999999999953 0.006423999999999985
10 0.6703085 0.22639649999999997 0.005180999999999969 0.005061000000000026
10 0.663663 0.21987550000000003 0.005858000000000007 0.006035000000000013
10 0.658369 0.21247800000000003 0.006081999999999965 0.005645999999999996
10 0.6542015 0.20615100000000003 0.005856999999999957 0.005840000000000023
10 0.6502595 0.19914300000000001 0.006533000000000034 0.007008000000000014
10 0.5820005 0.08905975 0.006083000000000016 0.006034700000000004
10 0.5761430000000001 0.08360909999999999 0.007434000000000029 0.0064239999999999966
10 0.5241045 0.07338914999999999 0.005630999999999986 0.0062293000000000045
10 0.6620860000000001 0.165077 0.005406000000000066 0.00661799999999999
10 0.6584814999999999 0.1570955 0.00540699999999994 0.007396999999999987
10 0.6554405 0.1502825 0.005180999999999969 0.006228999999999996
10 0.7764139999999999 0.7383685 0.007434000000000029 0.0073970000000000095
10 0.788691 0.7488805 0.00766 0.006228999999999996
10 0.4074115 0.6398680000000001 0.006532999999999944 0.005839999999999979
10 0.417211 0.3283045 0.006757999999999953 0.006034999999999968
10 0.46418099999999995 0.1260465 0.007434000000000029 0.00603499999999999
10 0.4584365 0.13140000000000002 0.0072089999999999325 0.005840000000000001
10 0.452805 0.1369475 0.0063080000000000245 0.006035000000000013
10 0.4469475 0.141425 0.008108999999999967 0.007202000000000019
10 0.43996399999999997 0.147557 0.00766 0.005840000000000001
10 0.4490875 0.158945 0.006532999999999944 0.006814000000000009
10 0.44244199999999995 0.1649795 0.0063080000000000245 0.00603499999999999
10 0.43579650000000003 0.17072199999999998 0.0069829999999999615 0.005840000000000001
10 0.42926349999999996 0.1768545 0.0069829999999999615 0.005644999999999989
10 0.5027035 0.2786645 0.007885000000000008 0.006034999999999968
10 0.49335450000000003 0.3055285 0.007209000000000021 0.006034999999999968
6 0.4891870000000001 0.290637 0.010587999999999997 0.009344000000000019
10 0.48580749999999995 0.366751 0.006533000000000034 0.006230000000000002
10 0.4778105 0.35954800000000003 0.005856999999999957 0.005840000000000023
10 0.4707140000000001 0.354195 0.006984000000000013 0.006034000000000006
10 0.46328049999999993 0.347576 0.006533000000000034 0.0064240000000000295
10 0.4594505 0.339595 0.0033789999999999766 0.005645999999999996
10 0.46508249999999995 0.3313215 0.008335000000000026 0.006618999999999975
10 0.4864835 0.311855 0.0069829999999999615 0.005839999999999979
10 0.46530749999999993 0.3116605 0.00698300000000005 0.006228999999999996
10 0.4591125 0.317111 0.0072089999999999325 0.006230000000000002
10 0.4370355 0.3251895 0.0072089999999999325 0.006035000000000013
10 0.43117800000000006 0.320031 0.006758000000000042 0.007007999999999992
10 0.4257714999999999 0.320323 0.006759000000000004 0.006034000000000006
10 0.4249835 0.31458050000000004 0.006532999999999944 0.005451000000000006
10 0.4183375 0.3093245 0.007658999999999949 0.006618999999999975
10 0.40414500000000003 0.316819 0.00720799999999997 0.006423999999999985
10 0.456071 0.153494 0.007434000000000029 0.006423999999999985
10 0.4621535 0.147362 0.00698300000000005 0.005840000000000001
10 0.4681235 0.1421065 0.006306999999999974 0.006228999999999996
10 0.9023424999999999 0.12672750000000002 0.006532999999999944 0.006618999999999997
10 0.91631 0.37560849999999996 0.006983999999999923 0.0036989999999999857
10 0.9250955000000001 0.37823599999999996 0.007885000000000097 0.0046720000000000095
10 0.93467 0.381351 0.006757999999999953 0.0042819999999999855
10 0.943456 0.38427100000000003 0.006757999999999953 0.0046720000000000095
10 0.951791 0.3873855 0.008110000000000107 0.005451000000000006
10 0.9600135 0.3908895 0.007434999999999903 0.005451000000000006
10 0.9689119999999999 0.395075 0.0072080000000001474 0.005256000000000016
10 0.977585 0.398579 0.007883999999999957 0.00564600000000004
10 0.9814149999999999 0.23613 0.006983999999999923 0.006618000000000013
10 0.918563 0.18327849999999998 0.006983999999999923 0.00603499999999999
10 0.8869115000000001 0.1413275 0.006306999999999974 0.006228999999999996
10 0.921041 0.13782350000000002 0.006983999999999923 0.006618999999999997
10 0.9938044999999999 0.0764065 0.006533000000000122 0.006424000000000008
10 0.47555800000000004 0.135682 0.008110000000000017 0.007008000000000014
10 0.91845 0.0889624 0.006757999999999953 0.005840000000000001
10 0.9080874999999999 0.07261045 0.006759000000000093 0.0066187
10 0.9035820000000001 0.059373199999999994 0.008110000000000107 0.006618599999999997
10 0.503379 0.0344559 0.007884000000000047 0.005061399999999999
10 0.49234100000000003 0.029102549999999998 0.007434000000000029 0.005645299999999997
10 0.4836675 0.02657195 0.008109000000000055 0.004866700000000002
10 0.4763465 0.0237493 0.006532999999999944 0.004672000000000001
10 0.467335 0.0202453 0.007433999999999941 0.004672000000000001
10 0.4586615 0.01781195 0.007209000000000021 0.004866699999999999
10 0.49436800000000003 0.118941 0.006984000000000013 0.005449999999999999
10 0.4888484999999999 0.12419699999999997 0.007209000000000021 0.005840000000000001
10 0.48186549999999995 0.1299395 0.007659000000000038 0.006813000000000002
10 0.4118045 0.322367 0.007659000000000038 0.007008000000000037
10 0.4273485 0.3359935 0.007658999999999949 0.006228999999999996
10 0.7955625 0.754331 0.006533000000000034 0.005840000000000067
10 0.44244199999999995 0.348842 0.00766 0.007007999999999992
10 0.490651 0.75511 0.006307999999999936 0.005840000000000067
10 0.48321699999999995 0.761242 0.0063080000000000245 0.004865999999999993
10 0.5013515 0.7652325 0.006532999999999944 0.005450999999999961
10 0.49436800000000003 0.770878 0.006082000000000054 0.005840000000000067
10 0.519036 0.9785864999999999 0.006307999999999936 0.00545100000000005
10 0.5126155000000001 0.973817 0.006533000000000034 0.006423999999999985
10 0.5056315 0.9678799999999999 0.006533000000000034 0.005840000000000067
10 0.498761 0.961651 0.005405999999999978 0.0058399999999998896
10 0.491552 0.955519 0.006307999999999936 0.006423999999999985
10 0.48456849999999996 0.950263 0.006759000000000004 0.006423999999999985
10 0.46530750000000004 0.9335215000000001 0.005630999999999986 0.005644999999999989
10 0.43106550000000005 0.15573299999999998 0.006533000000000034 0.005840000000000001
10 0.42363149999999994 0.1619625 0.00698300000000005 0.005450999999999984
10 0.41799949999999997 0.1673155 0.005630999999999986 0.005644999999999989
10 0.42013999999999996 0.174226 0.0063080000000000245 0.005840000000000001
10 0.42351849999999996 0.181429 0.007209000000000021 0.006230000000000002
10 0.41799949999999997 0.18639299999999998 0.0069829999999999615 0.006033999999999984
10 0.41135400000000005 0.19262200000000002 0.006758000000000042 0.006034000000000006
10 0.4061725 0.197294 0.005856999999999957 0.005646000000000017
10 0.40065350000000005 0.201771 0.006983000000000006 0.006424000000000008
10 0.3941205 0.2076115 0.007885000000000008 0.006813000000000002
10 0.386799 0.2140355 0.0067579999999999975 0.006034999999999968
10 0.3797025 0.2201675 0.007885000000000008 0.006619000000000019
10 0.36990350000000005 0.6044385 0.007208999999999977 0.006619000000000064
10 0.4241944999999999 0.624294 0.007659000000000038 0.005840000000000067
10 0.4183375 0.629453 0.006759000000000004 0.005645999999999951
10 0.4134945 0.635293 0.006532999999999944 0.006423999999999985
10 0.5070965000000001 0.7596845 0.007658999999999949 0.006813000000000002
10 0.513742 0.753942 0.007884000000000047 0.0073979999999999714
10 0.498874 0.748005 0.007433999999999941 0.006423999999999985
10 0.4711645000000001 0.531828 0.006083000000000016 0.007007999999999992
10 0.448975 0.3543895 0.006757999999999953 0.007202999999999982
10 0.45471950000000005 0.35964549999999995 0.00698300000000005 0.006035000000000013
10 0.4674474999999999 0.369963 0.006759000000000004 0.006423999999999985
10 0.4736425000000001 0.37521899999999997 0.007885000000000008 0.007201999999999975
10 0.388826 0.39264200000000005 0.0067579999999999975 0.005840000000000023
10 0.39547150000000003 0.3986765 0.0065329999999999885 0.006619000000000064
10 0.4040324999999999 0.405782 0.006533000000000034 0.006424000000000074
10 0.4133815 0.4136654999999999 0.007659000000000038 0.006228999999999996
10 0.4194635 0.4192135 0.005856999999999957 0.006035000000000057
10 0.4257715 0.424567 0.006306999999999974 0.006229999999999958
10 0.4291505 0.445299 0.0072089999999999325 0.006423999999999985
10 0.458662 0.5130429999999999 0.006757999999999953 0.007591999999999999
10 0.521176 0.572805 0.007433999999999941 0.004478000000000026
10 0.5064204999999999 0.7407045 0.007659000000000038 0.006619000000000064
10 0.511827 0.5700795000000001 0.008110000000000017 0.004476999999999976
10 0.499324 0.5665755 0.007433999999999941 0.004476999999999976
10 0.490313 0.5664785 0.007883999999999957 0.003115000000000023
10 0.43388150000000003 0.559373 0.007659000000000038 0.006423999999999985
10 0.42948900000000007 0.552073 0.007434000000000029 0.007007999999999992
10 0.42272999999999994 0.5576215 0.007434000000000029 0.006813000000000002
10 0.41518350000000004 0.5649215 0.007209000000000021 0.006228999999999996
10 0.4674474999999999 0.586042 0.007209000000000021 0.006424000000000074
10 0.46023899999999995 0.5930505 0.008560000000000035 0.007202999999999982
10 0.45111500000000004 0.6008370000000001 0.007434000000000029 0.006423999999999985
10 0.5194865 0.7292194999999999 0.005856999999999957 0.005450999999999961
10 0.5136295000000001 0.734378 0.007209000000000021 0.006813999999999964
10 0.9076365 0.37327199999999994 0.007209000000000109 0.004088000000000003
10 0.899752 0.37015750000000003 0.006757999999999953 0.004476999999999976
10 0.8905160000000001 0.3671405 0.007659999999999912 0.005060999999999982
10 0.8817299999999999 0.3628575 0.006757999999999953 0.005060999999999982
10 0.749268 0.544481 0.00766 0.007007999999999992
10 0.7429600000000001 0.5304655 0.006758000000000042 0.006228999999999996
10 0.7483665 0.5262800000000001 0.005857000000000045 0.004865999999999993
10 0.7556879999999999 0.539323 0.006984000000000013 0.006423999999999985
10 0.7615455 0.533872 0.006532999999999944 0.00564600000000004
10 0.770669 0.525891 0.00766 0.006423999999999985
10 0.7547875 0.5205375 0.006533000000000034 0.006228999999999996
10 0.7649245 0.5111935000000001 0.007434999999999992 0.006228999999999996
10 0.7786664999999999 0.5182985 0.006083000000000016 0.005645000000000078
10 0.7717955 0.505159 0.006306999999999974 0.005840000000000067
10 0.7775394999999999 0.5001945 0.006533000000000034 0.006034999999999968
10 0.7982655000000001 0.5010709999999999 0.007885000000000097 0.007007999999999992
10 0.7839605000000001 0.49464699999999995 0.007209000000000021 0.005839999999999979
10 0.7910565 0.48832000000000003 0.007434999999999992 0.006424000000000074
10 0.798265 0.481507 0.007433999999999941 0.006424000000000074
10 0.806713 0.493868 0.006757999999999953 0.006229999999999958
10 0.8132465 0.488125 0.007658999999999949 0.006423999999999985
10 0.8204549999999999 0.48160400000000003 0.00720799999999997 0.006230000000000046
10 0.8272130000000001 0.476056 0.006757999999999953 0.006034000000000006
10 0.807614 0.47372 0.006307999999999936 0.004865999999999993
10 0.814147 0.46817200000000003 0.006757999999999953 0.005839999999999979
10 0.8203419999999999 0.46233199999999997 0.007433999999999941 0.005839999999999979
10 0.828565 0.45522650000000003 0.008109999999999928 0.006813000000000002
10 0.8343095 0.46924299999999997 0.0069829999999999615 0.006423999999999985
10 0.8414059999999999 0.46291600000000005 0.008110000000000107 0.006618000000000013
10 0.8479385 0.456979 0.007209000000000109 0.006423999999999985
10 0.836112 0.448997 0.007433999999999941 0.006424000000000074
10 0.7425095 0.550808 0.006759000000000004 0.006034000000000006
10 0.7392435 0.580105 0.009687000000000001 0.007785999999999937
10 0.773485 0.6089154999999999 0.008335999999999988 0.0073970000000000095
10 0.737103 0.5970409999999999 0.00766 0.006618000000000013
10 0.8133585 0.7502435000000001 0.006532999999999944 0.005060999999999982
10 0.807614 0.745474 0.006757999999999953 0.006034000000000006
10 0.785312 0.7269805 0.0063080000000000245 0.005644999999999989
10 0.778779 0.7216275 0.00720799999999997 0.006228999999999996
10 0.771908 0.7162740000000001 0.007883999999999957 0.007202000000000019
10 0.7585045 0.7046915 0.0072089999999999325 0.006228999999999996
10 0.751408 0.69817 0.007883999999999957 0.005645999999999951
10 0.7444240000000001 0.692914 0.007434000000000029 0.0068140000000000535
10 0.73868 0.6876585000000001 0.006757999999999953 0.005645000000000078
10 0.7324849999999999 0.682889 0.006984000000000013 0.005839999999999979
10 0.7250505 0.676562 0.006533000000000034 0.006423999999999985
10 0.7440865000000001 0.6026865 0.008109000000000055 0.006619000000000064
10 0.727754 0.589741 0.0065339999999999955 0.005645999999999951
10 0.7904935 0.623321 0.0072089999999999325 0.007007999999999992
10 0.725839 0.356823 0.00766 0.0066179999999999685
10 0.732147 0.351567 0.00766 0.006618000000000013
10 0.739018 0.345532 0.006983999999999923 0.005839999999999979
10 0.7455510000000001 0.339887 0.006984000000000013 0.005839999999999979
10 0.7749495 0.3119525 0.008560999999999996 0.00447700000000002
10 0.750169 0.1803585 0.005405999999999978 0.006813000000000002
10 0.7555759999999999 0.180066 0.004956000000000049 0.007008000000000014
10 0.760982 0.1797745 0.0049559999999999604 0.006813000000000002
10 0.7518585 0.170333 0.004730999999999952 0.006230000000000002
10 0.745776 0.167802 0.00518200000000002 0.005840000000000001
10 0.8633700000000001 0.684349 0.006984000000000101 0.005645999999999951
6 0.8544715 0.6859065 0.02387900000000016 0.020828999999999986
10 0.8503045 0.4358575 0.006532999999999944 0.006228999999999996
10 0.8561615 0.43060200000000004 0.0069829999999999615 0.005839999999999979
10 0.865623 0.44198950000000004 0.006082000000000143 0.005644999999999989
10 0.9293759999999999 0.558789 0.006984000000000101 0.006423999999999985
10 0.888939 0.7062485000000001 0.006757999999999953 0.006228999999999996
10 0.92059 0.73321 0.007433999999999941 0.006424000000000074
10 0.914958 0.7281489999999999 0.007433999999999941 0.006423999999999985
10 0.9637304999999999 0.73905 0.005856999999999957 0.00564600000000004
10 0.8893895 0.6129065 0.006759000000000093 0.006034999999999968
10 0.8958095 0.6076505 0.006532999999999944 0.005644999999999989
10 0.901667 0.6024915 0.006983999999999923 0.006229000000000084
10 0.8884885 0.593829 0.006759000000000093 0.006423999999999985
10 0.9079750000000001 0.5959705 0.006984000000000101 0.005645000000000078
10 0.9157465 0.5894489999999999 0.0103629999999999 0.008565999999999985
10 0.9279119999999998 0.578937 0.006308000000000114 0.005840000000000067
10 0.915409 0.570469 0.007883999999999957 0.007202000000000019
10 0.9357965 0.5529495 0.007658999999999949 0.006034999999999968
10 0.962604 0.768737 0.004505999999999943 0.005839999999999979
10 0.9482990000000001 0.5410745 0.006984000000000101 0.006035000000000057
10 0.9644064999999999 0.546623 0.005856999999999957 0.005839999999999979
10 0.9712775 0.5401015 0.007885000000000097 0.006813000000000002
10 0.955057 0.535624 0.007433999999999941 0.007202000000000019
10 0.961703 0.5298814999999999 0.007659999999999912 0.006228999999999996
10 0.9683489999999999 0.5229705 0.0074340000000001185 0.006034999999999968
10 0.9745440000000001 0.518396 0.006307999999999936 0.006230000000000046
10 0.884771 0.424567 0.0074340000000001185 0.005839999999999979
10 0.8797024999999999 0.40977250000000004 0.007658999999999949 0.006618999999999975
10 0.8925435 0.41814300000000004 0.0072089999999999325 0.007007999999999992
10 0.9142825 0.40159649999999997 0.006532999999999944 0.0027249999999999553
10 0.9246449999999999 0.403543 0.010138000000000069 0.005839999999999979
10 0.956747 0.7635780000000001 0.009011999999999886 0.007201999999999931
10 0.9612525 0.786549 0.006306999999999974 0.006423999999999985
10 0.871818 0.435955 0.00720799999999997 0.006034000000000006
10 0.835098 0.29472449999999994 0.007659999999999912 0.005451000000000006
10 0.870692 0.385147 0.008109999999999928 0.005645999999999996
10 0.8629195 0.3817405 0.006983000000000139 0.005060999999999982
10 0.8553725 0.3777495 0.0072089999999999325 0.004866999999999999
10 0.8482765000000001 0.374343 0.0069829999999999615 0.0050620000000000335
10 0.8397159999999999 0.369282 0.007883999999999957 0.005840000000000023
10 0.831719 0.36422049999999995 0.008109999999999928 0.005451000000000006
10 0.8611175 0.35954800000000003 0.008335000000000115 0.005840000000000023
10 0.8696780000000001 0.3575045 0.007883999999999957 0.005645000000000034
10 0.8614554999999999 0.35254 0.007209000000000109 0.005840000000000023
10 0.854359 0.349036 0.007433999999999941 0.005839999999999979
10 0.8014190000000001 0.312731 0.007434000000000029 0.004088000000000003
10 0.815612 0.302414 0.007433999999999941 0.004478000000000026
10 0.8434329999999999 0.3017325 0.008110000000000107 0.006618999999999975
10 0.8887135 0.8329765 0.008561000000000086 0.007787000000000077
10 0.8650594999999999 0.223574 0.004505000000000159 0.006034000000000006
10 0.8635955 0.125949 0.006983000000000139 0.006618000000000013
10 0.9009915 0.9940625000000001 0.006532999999999944 0.005644999999999989
10 0.9149585 0.9825769999999998 0.0069829999999999615 0.006423999999999985
10 0.9209284999999999 0.977224 0.0072089999999999325 0.006617999999999924
10 0.9285875000000001 0.9704105000000001 0.007659000000000127 0.006229000000000084
10 0.9351205 0.964668 0.006306999999999974 0.005646000000000128
10 0.9520160000000001 0.9493864999999999 0.006757999999999953 0.006229000000000084
10 0.957423 0.8722014999999999 0.0049559999999999604 0.006035000000000146
10 0.9477360000000001 0.8637335 0.0072080000000001474 0.006229000000000084
10 0.9040324999999999 0.846311 0.006759000000000093 0.006034000000000006
10 0.8978375 0.8402764999999999 0.008334999999999936 0.007202999999999982
8 0.19587749999999998 0.1892155 0.16107299999999997 0.142885