10 0.9459810000000001 0.49562 0.023335999999999933 0.01010799999999996
10 0.5211755 0.315027 0.044942999999999955 0.020889999999999985
10 0.318928 0.5727765 0.027658000000000005 0.022911000000000036
10 0.050993949999999996 0.5387465 0.019014700000000002 0.023585000000000012
10 0.0332757 0.5380725 0.021607599999999998 0.022236999999999972
10 0.2251515 0.514151 0.03197900000000002 0.017520000000000025
10 0.329732 0.4299195 0.014693999999999985 0.024258999999999985
10 0.6806395000000001 0.32243950000000005 0.030250999999999983 0.022237000000000017
10 0.6901465 0.2722375 0.03716500000000007 0.024258999999999985
10 0.101988 0.38915099999999997 0.027657999999999995 0.011456
10 0.40795149999999997 0.625 0.032843000000000046 0.024932000000000086
10 0.2350905 0.3028975 0.020743 0.020889000000000026
10 0.25064849999999994 0.2799865 0.020743 0.020889000000000026
10 0.264909 0.2580865 0.021608000000000026 0.021563
10 0.21866899999999995 0.23820800000000003 0.019013999999999996 0.018194
10 0.277874 0.2331535 0.023336000000000023 0.021563
10 0.2912705 0.11960950000000001 0.013829000000000003 0.023584999999999988
10 0.06309424999999999 0.1630725 0.019014699999999995 0.022910999999999994
10 0.34442500000000004 0.5572775 0.028522000000000026 0.024258999999999985
10 0.633103 0.6233155 0.02852199999999998 0.02156300000000009
10 0.7679345 0.5539085 0.026793000000000067 0.022911000000000036
10 0.9196194999999999 0.0828841 0.025929 0.008086199999999998
10 0.7726879999999999 0.482817 0.012099999999999955 0.01954200000000004
10 0.725151 0.4174525 0.017286000000000003 0.022236999999999972
10 0.8297319999999999 0.453504 0.027658000000000092 0.014824000000000037
10 0.86344 0.4423855 0.029386000000000044 0.015499000000000063
10 0.806396 0.42318049999999996 0.027657999999999915 0.017521000000000075
10 0.9075195 0.10983849999999999 0.025929 0.01212899999999999
10 0.914002 0.09804605000000001 0.023336000000000114 0.011455900000000008
10 0.929127 0.06974395 0.02593000000000014 0.008760100000000003
10 0.5345725 0.68531 0.03197900000000002 0.02156399999999996
10 0.9360415 0.055593000000000004 0.034572999999999965 0.0101078
10 0.9433879999999999 0.043463600000000005 0.02160799999999998 0.0114556
10 0.776145 0.0865903 0.0242 0.008760199999999996
10 0.77917 0.07243935 0.02852199999999998 0.011455499999999997
10 0.7873810000000001 0.05963609999999999 0.0242 0.012803200000000004
10 0.792999 0.0448113 0.023336000000000023 0.0101078
10 0.49265349999999997 0.8123315 0.019015000000000004 0.0195409999999999
8 0.5440794999999999 0.46563350000000003 0.531547 0.456873