10 0.7167565 0.929233 0.017297000000000028 0.02527399999999993
6 0.8513515 0.45871949999999995 0.018378999999999833 0.039595000000000005
10 0.921081 0.197978 0.02810799999999993 0.03201400000000001
10 0.9059459999999999 0.23083400000000004 0.02594600000000007 0.026957999999999992
10 0.8756755 0.31845 0.032432999999999976 0.047177999999999984
10 0.8594595 0.367734 0.01729699999999994 0.022745999999999978
10 0.698919 0.3243475 0.022701999999999955 0.020218999999999987
6 0.8524325000000001 0.5084245 0.022703000000000095 0.037910999999999986
10 0.8535135 0.5463355 0.014054999999999929 0.024431000000000046
6 0.9335134999999999 0.558972 0.05945900000000002 0.026116000000000028
6 0.9075675000000001 0.43260350000000003 0.020541000000000052 0.046335000000000015
10 0.8535135 0.402696 0.018379000000000013 0.026957999999999947
10 0.7605405000000001 0.265375 0.027027000000000002 0.028643999999999982
10 0.856757 0.5926705 0.014054000000000145 0.02780100000000001
10 0.8551355 0.6238414999999999 0.015134999999999899 0.02780100000000001
10 0.8610810000000001 0.659225 0.01837800000000005 0.027801999999999973
10 0.9199999999999999 0.679865 0.01729800000000008 0.028643999999999982
10 0.9124324999999999 0.6183655 0.017297000000000118 0.03032900000000005
10 0.8540545000000002 0.9768325000000001 0.041080999999999965 0.02780100000000001
10 0.7854055000000001 0.9418700000000001 0.033513000000000036 0.011793999999999905
10 0.781081 0.9271274999999999 0.031352000000000046 0.012636999999999964
10 0.781081 0.9119624999999999 0.03567599999999995 0.012636999999999964
10 0.9243245 0.10320125 0.032432999999999976 0.03622550000000001
10 0.7497294999999999 0.1887115 0.020540999999999966 0.020219000000000008
10 0.7708105 0.880371 0.038919000000000016 0.018534000000000005
10 0.341081 0.5720305 0.020540000000000003 0.033699000000000014
10 0.053513500000000006 0.33108649999999995 0.016216199999999997 0.023588999999999992
10 0.072973 0.337405 0.016216199999999993 0.026116000000000028
10 0.09297314999999999 0.344987 0.017297699999999992 0.026115999999999983
10 0.11513499999999999 0.3538335 0.016215999999999987 0.026959
10 0.13945950000000001 0.36057300000000003 0.015134999999999987 0.026957999999999992
10 0.181081 0.37531600000000004 0.014054000000000011 0.027802000000000014
10 0.0816216 0.4860995 0.018378400000000007 0.02527299999999997
10 0.10270254999999999 0.49410299999999996 0.017296900000000004 0.026115999999999938
10 0.12432449999999999 0.49957899999999994 0.019459000000000004 0.02527400000000002
10 0.060540550000000005 0.47725349999999994 0.019459499999999998 0.026117000000000078
10 0.7664865 0.155013 0.021621000000000022 0.021904000000000014
10 0.038918949999999994 0.4730415 0.017297299999999998 0.024431000000000046
10 0.30594599999999994 0.8361415000000001 0.034594000000000014 0.03454099999999993
10 0.26 0.826032 0.020540000000000003 0.01600600000000014
10 0.231351 0.855097 0.028108000000000022 0.02527399999999993
10 0.20648650000000002 0.892165 0.025944999999999975 0.02190399999999997
10 0.143784 0.9620895 0.028108 0.02358899999999995
10 0.8221624999999999 0.0501264 0.027027000000000002 0.027801199999999998
10 0.8048645000000001 0.0812974 0.02702700000000009 0.027801200000000005
10 0.7848649999999999 0.1158385 0.02594599999999998 0.024431
10 0.7772975000000001 0.8951135000000001 0.038919000000000016 0.016006999999999928
10 0.764865 0.8639430000000001 0.037838 0.022745999999999888
10 0.7194594999999999 0.90059 0.016217000000000058 0.02527399999999993
10 0.6005404999999999 0.9132265 0.018379000000000013 0.03032900000000005
10 0.564865 0.9768325000000001 0.022701999999999955 0.021061000000000087
10 0.5843244999999999 0.9806235000000001 0.022703000000000008 0.016849000000000024
10 0.545946 0.8778435 0.019459999999999943 0.026959000000000087
10 0.5410809999999999 0.907751 0.016216000000000008 0.02948599999999999
10 0.5654055 0.879107 0.017297000000000028 0.02948599999999999
10 0.5616215 0.9085934999999999 0.018378999999999923 0.02780100000000001
10 0.5837835 0.8799495 0.015134999999999987 0.02611699999999999
10 0.5827025 0.9119630000000001 0.019458999999999983 0.02611599999999985
10 0.6021625 0.8807919999999999 0.017297000000000028 0.027801999999999973
10 0.6216215 0.8824764999999999 0.01729699999999994 0.02780100000000001
10 0.522162 0.9730415000000001 0.021621999999999985 0.02695899999999991
10 0.62 0.917018 0.016216000000000008 0.026116000000000028
10 0.6421625000000001 0.8837405 0.017297000000000028 0.02864299999999993
10 0.64 0.9165965 0.019460000000000033 0.026959000000000087
10 0.6627025 0.8845829999999999 0.015134999999999987 0.02864400000000007
10 0.6594595 0.9220725 0.015135000000000075 0.02611699999999999
10 0.6794595 0.9254425000000002 0.018379000000000013 0.03117099999999997
10 0.6994595 0.9309180000000001 0.017297000000000028 0.02864400000000007
10 0.6816220000000001 0.8892165000000001 0.016216000000000008 0.02611699999999999
10 0.7005405 0.8913225 0.019458999999999983 0.03032900000000005
10 0.5448649999999999 0.974305 0.021621999999999985 0.022746000000000065
10 0.503784 0.9696715000000001 0.02810799999999993 0.02695899999999991
10 0.761622 0.8466725 0.037838 0.02358899999999995
10 0.5518915 0.8108675 0.027027000000000002 0.03117100000000006
10 0.742162 0.831508 0.037838 0.026958000000000128
10 0.7248645 0.8197135 0.027027000000000002 0.02358899999999995
10 0.6983779999999999 0.812553 0.023783999999999937 0.0294859999999999
10 0.677297 0.805813 0.016216000000000008 0.027801999999999882
10 0.6556755 0.8041280000000001 0.018379000000000013 0.027801999999999973
10 0.6345945000000001 0.8053915 0.017297000000000028 0.026959
10 0.6172975 0.809183 0.01729699999999994 0.026116000000000028
10 0.597838 0.809183 0.019460000000000033 0.02948599999999999
10 0.5745945 0.809604 0.027027000000000002 0.032013999999999945
10 0.53027 0.8218195000000001 0.03567600000000004 0.02780100000000001
10 0.48810849999999995 0.9604039999999999 0.027027000000000002 0.02527399999999993
10 0.50973 0.832772 0.03567600000000004 0.026116000000000028
10 0.496216 0.8466725 0.032432000000000016 0.026959000000000087
10 0.47891849999999997 0.8597305000000001 0.038919000000000016 0.022747000000000028
10 0.4664865000000001 0.8736309999999999 0.031351 0.016849999999999987
10 0.4718920000000001 0.8913225 0.031351999999999956 0.020218999999999987
10 0.458378 0.903538 0.02810799999999993 0.014321999999999946
10 0.4475675 0.920388 0.03459500000000002 0.010951999999999984
10 0.445946 0.9389215 0.031352000000000046 0.016007000000000104
10 0.4697295 0.9549285 0.027026999999999912 0.02611699999999999
8 0.5545945 0.574979 0.529729 0.43723600000000007