10 0.2170625 0.3348775 0.017279 0.02780100000000001
10 0.6241904999999999 0.786858 0.03887700000000001 0.021904000000000055
10 0.1182505 0.4427125 0.018358999999999993 0.03117099999999997
10 0.0696544 0.42460000000000003 0.020518399999999992 0.028643999999999982
10 0.1403885 0.4460825 0.017279 0.02611699999999999
10 0.1695465 0.4557705 0.017279 0.023589000000000037
10 0.19168449999999998 0.46082599999999996 0.014039000000000001 0.021904000000000055
10 0.274838 0.946504 0.024838000000000006 0.022746000000000065
10 0.31749499999999997 0.8871105 0.025917999999999976 0.02864299999999993
10 0.33963299999999996 0.8538335 0.031318 0.027800999999999833
10 0.37149 0.8100249999999999 0.02375799999999999 0.026115999999999938
10 0.6803454999999999 0.741365 0.03455699999999995 0.02527400000000002
10 0.650108 0.8066555000000001 0.025918000000000063 0.02780100000000001
10 0.7267815000000001 0.7278855 0.03455699999999995 0.016849000000000024
10 0.1954645 0.3289805 0.015118999999999994 0.02780100000000001
10 0.7705185 0.721567 0.03779699999999995 0.019376000000000015
10 0.7683584999999999 0.778854 0.03563700000000001 0.010951999999999984
10 0.7526995 0.613311 0.03239700000000001 0.026958000000000037
10 0.6927645 0.322662 0.03563700000000001 0.02527400000000002
10 0.713283 0.2868575 0.029157999999999972 0.022746999999999983
10 0.74892 0.20556000000000002 0.029157999999999972 0.028644000000000003
10 0.779158 0.15037899999999998 0.026998000000000032 0.026116000000000007
10 0.8185745000000001 0.07708509999999999 0.025916999999999923 0.027801200000000005
10 0.920626 0.12384150000000001 0.024838000000000093 0.030329000000000005
10 0.1069115 0.2994945 0.012958999999999988 0.022747000000000028
10 0.16846650000000002 0.32013499999999995 0.017279 0.028644000000000024
8 0.5917925 0.5029485 0.5053989999999999 0.43302499999999994