14 0.48261199999999993 0.07792199999999999 0.13570800000000008 0.12986999999999999
10 0.33545400000000003 0.945617 0.01950799999999999 0.025974000000000073
10 0.3040715 0.853896 0.02629299999999999 0.025973999999999896
10 0.273961 0.88961 0.027142 0.025973999999999896
10 0.254877 0.91112 0.022899999999999966 0.02191599999999987
10 0.2099235 0.9143664999999999 0.02120500000000001 0.023539000000000067
10 0.1908395 0.939123 0.02205300000000001 0.021104000000000057
10 0.2256145 0.9435874999999999 0.02374900000000002 0.023539000000000067
10 0.20483450000000003 0.96388 0.02120500000000001 0.01542199999999987
10 0.3524175 0.9403410000000001 0.02290099999999997 0.030032000000000104
10 0.8969465 0.057224 0.026293000000000077 0.023538999999999997
10 0.363444 0.9261364999999999 0.01950799999999999 0.029221000000000073
10 0.37574199999999996 0.9123374999999999 0.01865999999999999 0.02435099999999988
10 0.38973749999999996 0.9025974999999999 0.014419000000000005 0.027596999999999917
10 0.40415600000000007 0.893669 0.01950799999999999 0.03246800000000007
10 0.45038199999999995 0.929383 0.027142 0.022728000000000036
10 0.4732825 0.9159900000000001 0.02544500000000003 0.020292000000000067
10 0.42324 0.9468344999999999 0.02883800000000001 0.021915000000000084
10 0.18956750000000003 0.845779 0.02798900000000002 0.025973999999999896
10 0.280322 0.7654225 0.02968599999999997 0.017856999999999967
10 0.158185 0.7280844999999999 0.027990000000000004 0.024350999999999966
10 0.187447 0.6838474999999999 0.030534000000000016 0.025163000000000046
13 0.298558 0.0247565046875 0.10856599999999998 0.036525990625
10 0.11832099999999998 0.1931815 0.02798999999999998 0.02435100000000001
10 0.14885500000000002 0.215909 0.027990000000000004 0.025973999999999987
10 0.178541 0.23741849999999998 0.026293999999999994 0.02353900000000002
10 0.20483449999999997 0.2593345 0.02629299999999999 0.025163
10 0.043257000000000004 0.2755685 0.025445199999999994 0.02353900000000002
10 0.08651400000000001 0.3112825 0.023749 0.020293000000000026
10 0.1098389 0.333198 0.029686200000000006 0.025161999999999997
10 0.3155215 0.3474025 0.025444999999999985 0.022726999999999987
10 0.341391 0.39001600000000003 0.03138199999999998 0.030032000000000014
10 0.08524175 0.6014609999999999 0.024597100000000004 0.025973999999999987
10 0.04961835 0.6375814999999999 0.026293499999999997 0.023538999999999977
10 0.1089909 0.6205355 0.0279902 0.023539000000000067
10 0.136132 0.6420455 0.027990000000000004 0.024350999999999966
10 0.1598815 0.6643665000000001 0.02629300000000001 0.023538999999999977
10 0.41687900000000006 0.880682 0.021204 0.027598000000000057
10 0.43808299999999994 0.866883 0.016115999999999974 0.025974000000000073
10 0.45122999999999996 0.8624185000000001 0.016964000000000024 0.028409000000000083
10 0.9253605 0.861201 0.02714099999999995 0.025974000000000073
10 0.8736219999999999 0.817776 0.02714200000000009 0.026786000000000067
10 0.846904 0.7930195 0.029686000000000056 0.027597000000000003
10 0.8163699999999998 0.7702925 0.029686000000000056 0.027597000000000003
10 0.6946565 0.7102275 0.02374900000000002 0.029220999999999987
10 0.6268024999999999 0.7077925 0.027141000000000037 0.027597000000000003
10 0.655216 0.5604705 0.021204 0.03327899999999993
10 0.643766 0.37987000000000004 0.030534000000000016 0.025974000000000032
10 0.893978 0.2670455 0.02883800000000001 0.029220999999999987
10 0.8719255 0.2930195 0.02544500000000003 0.027597000000000003
10 0.851145 0.3141235 0.02289999999999992 0.024350999999999966
10 0.827396 0.341315 0.02629400000000004 0.025161999999999997
10 0.9156065 0.2431005 0.022900999999999883 0.02353900000000002
10 0.9351144999999998 0.218344 0.0262929999999999 0.025973999999999987
10 0.955471 0.1964285 0.021204 0.022727000000000032
10 0.8290925000000001 0.13555199999999998 0.02290100000000006 0.025974000000000007
10 0.8973704999999998 0.8376619999999999 0.027141000000000127 0.025973999999999896
10 0.9533505 0.885146 0.02374900000000011 0.026786000000000067
10 0.46989000000000003 0.852273 0.011874000000000074 0.025973999999999896
10 0.8977945 0.8892045 0.03138299999999994 0.030033000000000067
10 0.505089 0.8620129999999999 0.02798999999999996 0.01785800000000002
10 0.4860049999999999 0.8474025000000001 0.011873999999999985 0.02435099999999988
10 0.5 0.8392855000000001 0.014418000000000042 0.022726999999999897
10 0.519508 0.8327925 0.017811999999999984 0.029221000000000073
10 0.5390159999999999 0.8279219999999998 0.012721999999999945 0.024349999999999917
10 0.5576760000000001 0.8254870000000001 0.016115999999999974 0.030844000000000094
10 0.5754875 0.823052 0.01611500000000001 0.029220000000000114
10 0.591603 0.8193995000000001 0.011026000000000025 0.025163000000000046
10 0.6098385000000001 0.817776 0.013571000000000045 0.026786000000000067
10 0.503393 0.7228085 0.03816800000000002 0.020293000000000026
10 0.648855 0.9212659999999999 0.010177999999999975 0.016234000000000037
10 0.8290925 0.935471 0.026293000000000077 0.020292000000000067
10 0.7960135 0.9172080000000001 0.027988999999999997 0.02110399999999988
10 0.7510605 0.867695 0.02290100000000006 0.014610000000000057
10 0.859627 0.9590095 0.02629400000000004 0.023538999999999886
8 0.5220525 0.5925325 0.416455 0.40422100000000005