10 0.6738770000000001 0.31922700000000004 0.03327800000000005 0.04075199999999999
10 0.489185 0.48380349999999994 0.03660600000000001 0.03761700000000001
10 0.33527450000000003 0.5454545 0.044925000000000014 0.04388700000000005
10 0.39600650000000004 0.503135 0.036605 0.04075199999999999
10 0.6497505 0.365204 0.03826900000000002 0.038661999999999974
10 0.6164725 0.3714735 0.03826900000000002 0.040753
10 0.589018 0.374608 0.03327799999999996 0.03657200000000001
10 0.5599000000000001 0.37826550000000003 0.038269999999999985 0.03761700000000001
10 0.5249585 0.38767000000000007 0.03826900000000002 0.03761800000000002
10 0.638935 0.323929 0.039933999999999956 0.039707999999999986
10 0.610649 0.33385549999999997 0.03327799999999996 0.032392999999999984
10 0.577371 0.328631 0.03327800000000005 0.03657200000000001
10 0.544925 0.3390805 0.03494200000000003 0.040753
10 0.515807 0.34482749999999995 0.03660600000000001 0.04388700000000001
10 0.48003350000000006 0.346395 0.041597000000000064 0.042842000000000005
10 0.33444250000000003 0.41170349999999994 0.036605 0.041796999999999994
10 0.354409 0.36311400000000005 0.029949999999999966 0.04075200000000003
10 0.43261199999999994 0.5376175 0.02994999999999992 0.042843000000000055
10 0.455075 0.4890280000000001 0.038269999999999985 0.03552799999999996
10 0.6838605 0.363114 0.039932999999999996 0.042842000000000005
10 0.498336 0.529258 0.038269999999999985 0.044932000000000014
10 0.6805325 0.465517 0.03660499999999996 0.04075199999999999
10 0.6638935 0.5120165 0.039932999999999996 0.04388699999999997
10 0.7420964999999999 0.9409615 0.056573000000000026 0.024033000000000016
10 0.39600650000000004 0.9535005 0.043261000000000036 0.036572999999999925
10 0.33444250000000003 0.9331244999999999 0.04658900000000003 0.04179699999999986
10 0.45923499999999995 0.6290495 0.03327800000000005 0.04388699999999997
10 0.6480865 0.46760699999999994 0.03826899999999993 0.038661999999999974
10 0.628952 0.513584 0.03660600000000001 0.04075199999999999
10 0.615641 0.4738765 0.03327799999999996 0.034483
10 0.595674 0.5141064999999999 0.03660600000000001 0.035526999999999996
10 0.583195 0.475444 0.03494200000000003 0.03761799999999997
10 0.563228 0.5182865 0.03494200000000003 0.03761699999999992
10 0.530782 0.522466 0.039933999999999956 0.03761799999999997
10 0.5532445 0.47701150000000003 0.03826900000000002 0.038662999999999934
10 0.5216305 0.48380349999999994 0.041596999999999974 0.04179699999999995
10 0.37188049999999995 0.40804599999999996 0.041597000000000016 0.04493199999999997