7 0.622577 0.3107485 0.018334000000000027 0.01763300000000001
7 0.7078315 0.757246 0.028025000000000057 0.027536000000000005
7 0.7891565 0.3778985 0.01781100000000002 0.018599000000000032
7 0.7445 0.38756 0.024882000000000026 0.023430000000000017
7 0.73363 0.40060399999999996 0.018334000000000027 0.015699999999999957
7 0.8030380000000001 0.4434785 0.014144000000000023 0.013527000000000022
7 0.7475120000000001 0.4685995 0.017286000000000003 0.015458999999999978
7 0.7382139999999999 0.4596615 0.019120000000000026 0.017390999999999934
7 0.8700890000000001 0.4966185 0.014144000000000111 0.013527000000000022
7 0.6887114999999999 0.552536 0.01807299999999996 0.016183999999999976
7 0.6663175 0.5272945 0.017286999999999962 0.014493000000000044
7 0.658067 0.5178745 0.018071999999999998 0.014493000000000044
7 0.645233 0.49963750000000007 0.014405999999999964 0.013285000000000036
7 0.6017545 0.586836 0.014929000000000059 0.013767999999999957
7 0.231011 0.816667 0.030382 0.027535999999999915
7 0.8309325 0.3806765 0.02383500000000005 0.021738999999999998
7 0.25707199999999997 0.8007245 0.018596000000000012 0.018841000000000017
7 0.1879255 0.8393719999999998 0.020167 0.01980599999999999
7 0.7361185000000001 0.70157 0.03012100000000002 0.02777799999999999
7 0.604898 0.6502415 0.013881999999999995 0.012561
7 0.645888 0.5735505 0.014667999999999992 0.013284999999999946
7 0.6371135000000001 0.564976 0.01492899999999997 0.013525999999999972
7 0.6299110000000001 0.5543480000000001 0.013619999999999965 0.01255999999999995
7 0.622839 0.5445655 0.014143999999999934 0.012319000000000014
7 0.610398 0.5239130000000001 0.013881999999999995 0.01304400000000001
7 0.8131219999999999 0.3161835 0.02278600000000015 0.01932299999999998
7 0.4732845 0.3544685 0.01781100000000002 0.01570100000000001
7 0.47996350000000004 0.329831 0.020167 0.020531999999999995
7 0.8061814999999999 0.380314 0.016763000000000083 0.018599999999999995
7 0.8569929999999999 0.3588165 0.01100000000000012 0.010869000000000018
7 0.3520165 0.749275 0.016762999999999993 0.014976000000000055
7 0.715034 0.44009649999999995 0.014143999999999934 0.018841000000000017
7 0.7194865 0.33417899999999995 0.028286999999999996 0.024395999999999994
7 0.6701155 0.316546 0.03483499999999999 0.026327999999999997
7 0.7331065000000001 0.31425099999999995 0.03038300000000005 0.026570000000000028
7 0.7472495 0.2966185 0.027762999999999937 0.026087000000000016
7 0.7577265 0.2789855 0.027763000000000027 0.023189000000000036
7 0.690021 0.2571255 0.02697799999999999 0.022947000000000006
7 0.683342 0.29867150000000003 0.030382 0.025845000000000028
7 0.6955215 0.2822465 0.028548999999999936 0.024879000000000005
7 0.680854 0.372464 0.02435799999999997 0.023672000000000006
7 0.685961 0.40217400000000003 0.019382000000000055 0.019323999999999987
7 0.6820325 0.44045900000000004 0.015191 0.021497999999999972
7 0.699188 0.4387685 0.013358000000000026 0.018599000000000032
7 0.80055 0.4710145 0.01178599999999994 0.013527000000000022
7 0.9521999999999998 0.23502400000000004 0.010214000000000034 0.012559999999999993
7 0.787716 0.4694445 0.011261999999999972 0.01135300000000008
7 0.775144 0.46956500000000007 0.010738000000000003 0.01255999999999995
7 0.7620480000000001 0.46847849999999996 0.008119999999999994 0.011352999999999992
7 0.8111575 0.341184 0.011000999999999905 0.01280199999999998
7 0.8372185 0.34227050000000003 0.011786999999999992 0.012561
7 0.7978 0.34021749999999995 0.013096000000000085 0.013284999999999991
7 0.7801205 0.41147349999999994 0.009691000000000028 0.01038699999999997
7 0.8801729999999999 0.4135265 0.01230999999999991 0.011111000000000005
7 0.8751965 0.4663045 0.013356999999999886 0.015701000000000055
7 0.91252 0.07922705 0.031953999999999996 0.027536300000000003
7 0.9481405 0.050120750000000006 0.01466700000000003 0.0128019
7 0.9003405000000001 0.2076085 0.013357000000000063 0.01038699999999997
7 0.66802 0.4338165 0.008119999999999994 0.012561
7 0.3679935 0.74529 0.016239000000000024 0.015218000000000042
7 0.6262445 0.289251 0.022000999999999937 0.02004800000000002
12 0.8046099999999999 0.69372 0.007858000000000054 0.007245999999999952
12 0.346124 0.28623149999999997 0.012309999999999998 0.010145000000000026
12 0.334468 0.29529 0.011524000000000001 0.010386000000000006
12 0.345862 0.2963765 0.013357999999999981 0.011111000000000005
8 0.524227 0.8801935000000001 0.013357999999999936 0.011111000000000005
7 0.5354895 0.8548310000000001 0.028025000000000057 0.02801999999999989
7 0.573468 0.8329709999999999 0.03011999999999997 0.02729400000000002
7 0.5925879999999999 0.8216180000000002 0.023834 0.02342999999999993
12 0.7650605 0.715821 0.009953000000000056 0.008453999999999962
12 0.775144 0.7242755 0.008644000000000051 0.007971000000000039
12 0.7849655 0.732367 0.009428999999999998 0.008211999999999975
12 0.8048715 0.7322464999999999 0.009429000000000087 0.008936999999999973
12 0.8149554999999999 0.740459 0.009167000000000059 0.008938000000000024
12 0.8153485 0.69843 0.008380999999999972 0.007488000000000028
12 0.34782599999999997 0.276449 0.012048000000000014 0.01086999999999998
12 0.8053955 0.7047100000000001 0.007856999999999914 0.007487999999999939
12 0.8158719999999999 0.7092995 0.007858000000000054 0.007486999999999977
12 0.8292300000000001 0.7043480000000001 0.008382000000000112 0.007730000000000015
12 0.8292300000000001 0.715097 0.008906000000000169 0.007488000000000028
12 0.84154 0.709541 0.007857999999999876 0.007488000000000028
12 0.8403615 0.7201690000000001 0.008118999999999942 0.007488000000000028
12 0.8391825 0.7306765000000001 0.008381000000000149 0.0072470000000000034
12 0.8249085 0.7489129999999999 0.008642999999999823 0.008453999999999962
7 0.5779205000000001 0.31884049999999997 0.02383500000000005 0.01932299999999998
7 0.573468 0.2966185 0.025406000000000085 0.022704999999999975
7 0.5967785 0.267029 0.019642999999999945 0.019566000000000017
7 0.619565 0.26751199999999997 0.025930000000000054 0.024879999999999968
12 0.334992 0.285628 0.012572000000000028 0.009904000000000001
12 0.336302 0.2758455 0.011524000000000001 0.011111000000000005
7 0.3239915 0.6644925 0.020953 0.018357000000000047
7 0.4296755 0.3129225 0.021738999999999998 0.020530999999999987
7 0.288502 0.6340579999999999 0.017023999999999973 0.014491999999999994
7 0.2450235 0.5089375 0.02331099999999999 0.01980700000000004
7 0.24463049999999997 0.48973449999999996 0.022000999999999982 0.018598999999999942
7 0.25130949999999996 0.286957 0.020691000000000015 0.021255999999999987
7 0.3091935 0.2849035 0.023835000000000005 0.020048999999999984
7 0.306574 0.306401 0.024882000000000026 0.020531999999999995
7 0.249607 0.3353865 0.025143999999999965 0.02149700000000001
7 0.303562 0.3454105 0.02514400000000001 0.021738999999999998
7 0.30199049999999994 0.365338 0.024621000000000004 0.01715
7 0.300026 0.3842995 0.024882000000000026 0.019323000000000024
7 0.24463049999999997 0.3772945 0.021477000000000013 0.01980700000000004
7 0.4258775 0.27415500000000004 0.022525000000000083 0.021256000000000032
7 0.47865350000000007 0.3103865 0.02069099999999997 0.017874999999999995
7 0.3566 0.10181180000000001 0.018596000000000012 0.018116399999999998
7 0.47760600000000003 0.291425 0.022785999999999973 0.019082
7 0.47839200000000004 0.271256 0.019643999999999995 0.014976000000000012
7 0.525537 0.288285 0.018595999999999967 0.020047999999999976
7 0.5260605 0.322947 0.014405000000000001 0.012077999999999988
7 0.470796 0.639251 0.01754800000000003 0.01473399999999998
7 0.5196435 0.622343 0.01466700000000003 0.015700000000000002
7 0.526323 0.631884 0.013358000000000026 0.012560000000000038
7 0.5654795 0.596256 0.017286999999999962 0.016183999999999976
7 0.6039809999999999 0.5138885 0.014144000000000023 0.012319000000000014
7 0.019119950000000004 0.6768115 0.0141435 0.014008999999999983
7 0.176532 0.4437195 0.012571999999999982 0.014493000000000044
7 0.038501799999999996 0.39384050000000004 0.012048200000000004 0.011834999999999995
7 0.7604765 0.35652150000000005 0.02907300000000008 0.022704999999999975