3 0.7334355 0.772649 0.35270100000000004 0.18864599999999995
10 0.20693200000000003 0.7482800000000001 0.009174000000000015 0.0034399999999999765
10 0.369266 0.734805 0.004587999999999992 0.009748000000000001
10 0.334098 0.7477064999999999 0.008664000000000005 0.0034410000000000274
10 0.344801 0.74742 0.009684000000000026 0.004014000000000006
10 0.3659535 0.751147 0.008155 0.0034399999999999765
10 0.36416899999999996 0.7617545 0.00968399999999998 0.005161000000000015
10 0.36697250000000003 0.745413 0.008155 0.0034399999999999765
10 0.332059 0.7359519999999999 0.00968399999999998 0.005160000000000053
10 0.3448015 0.7571675 0.00764499999999999 0.004012999999999956
10 0.3654435 0.7732224999999999 0.008155 0.005161000000000015
10 0.3669725 0.7961579999999999 0.009174999999999978 0.004014000000000006
10 0.366463 0.784977 0.009174000000000015 0.005733999999999994
10 0.367737 0.8018919999999999 0.008664000000000005 0.004014000000000006
10 0.343527 0.725057 0.008153999999999995 0.004014000000000006
10 0.2971455 0.7267775000000001 0.008155 0.004013000000000044
10 0.36595300000000003 0.8274085 0.009174000000000015 0.004586999999999897
10 0.380734 0.7345185000000001 0.004077999999999982 0.009175000000000022
14 0.5242100000000001 0.8526374999999999 0.021915999999999956 0.05160499999999999
14 0.49464800000000003 0.8534980000000001 0.022935999999999977 0.051031999999999834
14 0.464067 0.8546445 0.021916000000000047 0.051032999999999974
14 0.428135 0.8566515000000001 0.022426000000000012 0.05160499999999999
14 0.39678899999999995 0.8577980000000001 0.022935999999999977 0.05160599999999995
14 0.5221709999999999 0.774943 0.022935999999999977 0.05103200000000001
14 0.4915900000000001 0.775516 0.021915999999999956 0.05103200000000001
14 0.4620285 0.7769495000000001 0.022935000000000018 0.05160500000000008
14 0.425586 0.7786695 0.022426000000000012 0.05160499999999999
14 0.3939855 0.7798165000000001 0.023444999999999983 0.05160500000000008
11 0.7342 0.7689220000000001 0.21355799999999991 0.1135320000000001
0 0.8330785 0.5260895 0.10040699999999995 0.10378499999999997
0 0.6944445 0.533257 0.13608499999999993 0.144496
0 0.6409275 0.174025 0.06880699999999998 0.073968
10 0.375382 0.7350915 0.0035679999999999714 0.01032099999999998
10 0.3972985 0.7325115 0.004586999999999985 0.01089500000000001
13 0.0374618 0.13016049999999998 0.0086646 0.020642999999999988
10 0.2477065 0.5940369999999999 0.008155 0.011467999999999989
13 0.0746687 0.44667399999999996 0.017839000000000004 0.00917399999999997
13 0.03746175 0.5475915 0.0137615 0.01949499999999995
13 0.07645260000000001 0.743693 0.014271200000000006 0.02064200000000005
13 0.051732900000000005 0.8110665000000001 0.0147808 0.01777500000000014
13 0.044852199999999995 0.9016629999999999 0.015290599999999998 0.01089399999999987
10 0.549439 0.6304475 0.0030580000000000494 0.008600999999999992
10 0.517839 0.6313074999999999 0.004077999999999982 0.012614999999999998
10 0.5688074999999999 0.660264 0.0040769999999999305 0.010894000000000048
10 0.51631 0.6608375 0.004077999999999982 0.008600999999999992
10 0.313201 0.690654 0.0035679999999999714 0.007453999999999983
10 0.324414 0.6883605 0.0035679999999999714 0.008600999999999992
10 0.27956149999999996 0.603211 0.008665000000000011 0.008028000000000013
10 0.24719699999999997 0.6212730000000001 0.010194000000000036 0.01204200000000002
10 0.24796100000000001 0.6100920000000001 0.0066259999999999765 0.00917400000000006
10 0.246942 0.5857224999999999 0.007645999999999997 0.009747000000000039
10 0.4026505 0.731365 0.00407700000000002 0.009748000000000001
10 0.2459225 0.5779814999999999 0.0076450000000000354 0.009175000000000022
10 0.2364935 0.585149 0.01019300000000003 0.013188000000000066
10 0.23547399999999996 0.6109519999999999 0.008153999999999995 0.010894000000000048
10 0.2364935 0.620413 0.008155 0.008028000000000013
10 0.2370035 0.6287275 0.008155 0.008600999999999992
10 0.235219 0.6017775000000001 0.00866399999999996 0.009747000000000039
10 0.235729 0.59375 0.008664000000000005 0.009747999999999913
10 0.216106 0.62586 0.00815400000000004 0.01089399999999996
10 0.2120285 0.581422 0.009175000000000022 0.00917399999999997
10 0.06116205 0.368406 0.0030580999999999968 0.009748000000000001
10 0.083843 0.08514904999999999 0.004587199999999991 0.009747699999999993
10 0.0474006 0.0183486 0.008155000000000006 0.0045872
10 0.445209 0.724484 0.008664000000000005 0.004014000000000006
10 0.44418950000000007 0.7190369999999999 0.0076450000000000354 0.0034399999999999765
0 0.8239045 0.205275 0.08511700000000007 0.10206400000000002