2 0.4060455 0.24834199999999998 0.19522499999999998 0.024083999999999994
10 0.5325375 0.585515 0.006930999999999976 0.008028000000000013
10 0.5252215 0.570506 0.006160999999999995 0.008027999999999924
10 0.4759335 0.6188485 0.006930999999999976 0.00767900000000008
10 0.48344249999999994 0.6150085000000001 0.007317000000000018 0.008377000000000034
10 0.490759 0.6115185000000001 0.006545999999999985 0.008377000000000034
10 0.49133649999999995 0.6031415 0.006930999999999976 0.008376999999999945
10 0.49846 0.608901 0.006545999999999985 0.008726000000000057
10 0.509626 0.604014 0.006545999999999985 0.008028000000000013
10 0.5100115000000001 0.5954625 0.007317000000000018 0.00907499999999999
10 0.5175205 0.6010475 0.006930999999999976 0.008377000000000034
10 0.5175205 0.5919725 0.006930999999999976 0.008377000000000034
10 0.521178 0.590401 0.006545999999999985 0.008027999999999924
10 0.5248364999999999 0.597382 0.006930999999999976 0.00732999999999997
10 0.5252215 0.5886560000000001 0.006160999999999995 0.00732999999999997
10 0.528879 0.595986 0.006545999999999985 0.008028000000000013
10 0.513477 0.6205935 0.006546000000000074 0.007678999999999991
10 0.5325375 0.594241 0.006160999999999995 0.00732999999999997
10 0.536581 0.592845 0.006545999999999985 0.008028000000000013
10 0.4609165 0.6520065 0.007700999999999958 0.008377000000000034
10 0.46803999999999996 0.6479929999999999 0.006545999999999985 0.008027999999999924
10 0.47150600000000004 0.6460735 0.006545999999999985 0.007678999999999991
10 0.47959199999999996 0.6434555 0.006545999999999985 0.007328999999999919
10 0.4867155 0.6404885 0.007701000000000046 0.008376999999999945
10 0.4867155 0.631239 0.006931000000000065 0.008028000000000013
10 0.4944165 0.6368240000000001 0.006160999999999995 0.008028000000000013
10 0.4948015 0.628447 0.006930999999999976 0.008028000000000013
10 0.49826750000000003 0.635428 0.006160999999999995 0.008028000000000013
10 0.5021175 0.6336820000000001 0.006160999999999995 0.008028000000000013
10 0.5096265000000001 0.630541 0.007317000000000018 0.008725999999999966
10 0.521178 0.572251 0.006545999999999985 0.008028000000000013
10 0.5175205 0.574171 0.006160999999999995 0.007678000000000029
10 0.5105895 0.5776614999999999 0.006930999999999976 0.007678999999999991
10 0.49865250000000005 0.5821985 0.006930999999999976 0.008377000000000034
10 0.1259145 0.2413615 0.008471000000000006 0.00383899999999997
10 0.13342299999999999 0.2478185 0.008855999999999998 0.004188999999999998
6 0.206777 0.24240849999999997 0.016171999999999985 0.004536999999999969
10 0.267039 0.22216399999999997 0.008085999999999992 0.0038399999999999767
10 0.35791300000000004 0.2176265 0.008085999999999992 0.0038390000000000147
10 0.374278 0.5818495 0.0069319999999999824 0.008377000000000034
10 0.379861 0.5846425 0.005776000000000003 0.00767900000000008
10 0.38910300000000003 0.243281 0.009626000000000001 0.004187999999999992
10 0.42953399999999997 0.24310650000000003 0.008086000000000038 0.0031409999999999715
10 0.422218 0.536998 0.00885600000000002 0.005934000000000062
10 0.4243354999999999 0.53281 0.00924100000000001 0.005934000000000062
10 0.42626100000000006 0.529145 0.00847199999999999 0.005583999999999989
10 0.4389685 0.5106455000000001 0.006930999999999976 0.009772999999999943
10 0.4310745000000001 0.49354250000000005 0.008856999999999981 0.006282999999999994
10 0.43299950000000004 0.49022699999999997 0.008856999999999981 0.0066320000000000155
10 0.4435885 0.4917975 0.0046210000000000305 0.006282999999999994
10 0.469965 0.4670154999999999 0.008085999999999949 0.00558500000000004
10 0.449172 0.44938900000000004 0.006545999999999985 0.00942400000000001
10 0.47882199999999997 0.242583 0.00885599999999993 0.004187999999999992
6 0.5288795000000001 0.21797550000000002 0.011167000000000015 0.0038390000000000147
10 0.5288795000000001 0.24240849999999997 0.009626999999999964 0.004536999999999969
10 0.520408 0.24921449999999998 0.00885600000000002 0.0034909999999999997
10 0.513092 0.548517 0.006545999999999985 0.008028000000000013
10 0.5028875 0.571902 0.006930999999999976 0.008725999999999966
10 0.535618 0.546422 0.009241999999999972 0.006631999999999927
10 0.5385059999999999 0.5532285 0.009626000000000001 0.0069810000000000375
10 0.542549 0.5595114999999999 0.009242000000000061 0.005584999999999951
10 0.513477 0.6289705 0.005776000000000003 0.007678999999999991
10 0.5175205 0.6275745 0.006160999999999995 0.007678999999999991
2 0.4118215 0.21832449999999998 0.19522499999999998 0.024082999999999986
10 0.868502 0.2256545 0.008856000000000109 0.00383899999999997
10 0.7882170000000001 0.21954599999999996 0.010011999999999955 0.003489999999999993
7 0.774355 0.46370000000000006 0.02464399999999998 0.023386000000000084
10 0.8199845 0.22478199999999998 0.00885700000000007 0.00488599999999999
10 0.8357720000000001 0.25095999999999996 0.00885599999999993 0.004187999999999992
12 0.795918 0.379407 0.03773599999999995 0.01884800000000002
12 0.798614 0.38551450000000004 0.03773600000000003 0.019197
12 0.7920675 0.395637 0.018482999999999982 0.012216000000000005
12 0.8024644999999999 0.399651 0.033115000000000006 0.01814999999999998
7 0.8288409999999999 0.6085514999999999 0.0219479999999999 0.018498999999999998
7 0.849249 0.616056 0.02194800000000008 0.017452000000000023
7 0.8700420000000001 0.622339 0.02117799999999992 0.017452000000000023
7 0.9162494999999999 0.569808 0.020409000000000076 0.01850000000000005
10 0.9202925000000001 0.25008749999999996 0.01001100000000008 0.0038390000000000147
6 0.31189849999999997 0.7212910000000001 0.018482999999999982 0.00942400000000001
6 0.517328 0.619023 0.006545999999999985 0.008028000000000013
6 0.35078899999999996 0.6664925 0.012322000000000033 0.017103
7 0.5758565 0.453752 0.024258999999999985 0.02094199999999997
10 0.658067 0.152007 0.003080000000000016 0.0073300000000000145
7 0.651906 0.42321100000000006 0.018481999999999933 0.014309999999999956
7 0.687524 0.412042 0.023488000000000044 0.01989599999999996
7 0.7156335 0.401396 0.022718999999999934 0.017451999999999978
7 0.6775125 0.482723 0.016557000000000065 0.017452000000000023
7 0.6447825 0.49109949999999997 0.02194900000000004 0.023735000000000017
7 0.7595305 0.7052355 0.03966099999999999 0.03944099999999997
7 0.695803 0.4656195 0.02156400000000005 0.023036999999999974
7 0.8658065 0.5541015 0.02194900000000004 0.017801000000000046
7 0.8879474999999999 0.561431 0.02156299999999991 0.019198000000000003
7 0.8140164999999999 0.58185 0.017713 0.019545999999999973
10 0.6886789999999999 0.22460750000000002 0.009626000000000001 0.004536999999999969
7 0.6663455 0.6109945 0.02579899999999995 0.02059299999999995
10 0.619946 0.21884800000000001 0.00847199999999999 0.004188000000000036
6 0.634771 0.6233855 0.009626000000000001 0.012565000000000026
10 0.5209855 0.6174519999999999 0.006930999999999976 0.007678000000000029
10 0.5248364999999999 0.615183 0.006930999999999976 0.008028000000000013
10 0.524644 0.6244325 0.006545999999999985 0.007678999999999991
10 0.528494 0.622513 0.006545999999999985 0.008028000000000013
10 0.47400850000000005 0.6638745 0.006931000000000065 0.008376999999999945
10 0.4817095 0.6610820000000001 0.006930999999999976 0.007678000000000029
10 0.49634199999999995 0.654974 0.007702000000000009 0.00942400000000001
10 0.504621 0.6523565 0.006545999999999985 0.008377000000000034
6 0.5082785 0.650087 0.006931000000000065 0.008028000000000013
10 0.5121295 0.648342 0.006160999999999995 0.008028000000000013
7 0.4980745000000001 0.7031415 0.040430999999999974 0.03734699999999993
7 0.5329225 0.6884815 0.041587 0.03455500000000002
10 0.5710435 0.674171 0.008471000000000029 0.0066320000000000155
6 0.5902965 0.6664920000000001 0.01001100000000008 0.008027999999999924
6 0.5772045 0.606457 0.008471000000000029 0.012216000000000005
10 0.5598765 0.595288 0.008471000000000029 0.0066320000000000155
10 0.558914 0.5904015 0.00885600000000002 0.006630999999999965
10 0.5562189999999999 0.586562 0.00885600000000002 0.005933999999999972
10 0.5550634999999999 0.582897 0.007317000000000018 0.004885999999999946
10 0.553523 0.579581 0.007316000000000056 0.005236000000000018
10 0.550828 0.5766145 0.00885599999999993 0.005584999999999951
10 0.5500579999999999 0.572775 0.00885600000000002 0.006281999999999943
10 0.546977 0.5696335 0.00885600000000002 0.006282999999999994
10 0.5465920000000001 0.5656195 0.008086000000000038 0.00593300000000001
7 0.5735465 0.5186735 0.046592999999999926 0.04607299999999999
6 0.577397 0.2495635 0.013478000000000013 0.004886999999999997
6 0.62784 0.626178 0.009626000000000001 0.01116999999999999
10 0.11840600000000001 0.21675399999999997 0.008086000000000015 0.004188000000000036