10 0.7938810000000001 0.1651725 0.009661999999999971 0.01024299999999998
10 0.7871715 0.02347415 0.0037570000000000546 0.0085361
1 0.5185185 0.6177975 0.061190999999999995 0.061032999999999935
10 0.578905 0.5153650000000001 0.008052000000000082 0.008110000000000017
10 0.5295225 0.46393500000000004 0.009124999999999961 0.010244000000000053
14 0.4892645 0.4353395 0.054213000000000025 0.048654999999999934
14 0.516103 0.4193345 0.054213999999999984 0.048229000000000036
14 0.46806249999999994 0.360649 0.049382999999999996 0.04865599999999999
10 0.775631 0.0245412 0.005367999999999995 0.0081092
10 0.7812665 0.02454115 0.004831000000000074 0.009816499999999997
10 0.7922705000000001 0.023260750000000004 0.004295000000000026 0.007255700000000001
1 0.4836285 0.604567 0.06548499999999997 0.06359400000000007
10 0.7979065000000001 0.023900949999999997 0.004831000000000074 0.0085361
10 0.8043480000000001 0.023900949999999997 0.0059039999999999536 0.009389699999999997
10 0.775631 0.033717449999999996 0.005367999999999995 0.0093897
10 0.7812665 0.033717449999999996 0.004831000000000074 0.008536100000000001
10 0.7874399999999999 0.03201025 0.004294000000000064 0.0076824999999999975
10 0.793344 0.03265045 0.004293999999999976 0.008109300000000003
10 0.798712 0.033504049999999994 0.004293999999999976 0.008109300000000003
10 0.8038115000000001 0.03307725 0.004830999999999896 0.008109300000000003
1 0.5281805 0.571063 0.08051500000000003 0.05121599999999997
10 0.5383789999999999 0.675416 0.011807999999999996 0.009816000000000002
10 0.7844875 0.05420400000000001 0.005905000000000005 0.008535999999999998
10 0.356146 0.23218100000000003 0.006978000000000017 0.007682000000000011
10 0.15968900000000003 0.5172855000000001 0.0069779999999999955 0.010243000000000002
10 0.16613 0.5147245 0.006978000000000017 0.010243000000000002
10 0.1771335 0.5373455 0.012883 0.010243000000000002
10 0.182233 0.532437 0.012346000000000013 0.009816000000000002
10 0.05582395 0.9692699999999999 0.009661900000000001 0.008535999999999965
10 0.0254965 0.9470765 0.0112722 0.007683000000000106
14 0.2536235 0.937473 0.056360999999999974 0.04566800000000004
10 0.344069 0.236449 0.009661999999999971 0.010243999999999965
10 0.36983350000000004 0.22962 0.007515000000000027 0.00939000000000001
10 0.524691 0.68758 0.011272000000000037 0.009389999999999964
10 0.380301 0.225779 0.006977999999999973 0.007681999999999967
10 0.3923775 0.222578 0.006440999999999963 0.008110000000000017
14 0.39962400000000003 0.3111395 0.047772000000000016 0.048655000000000025
14 0.42861000000000005 0.3000425 0.04777199999999997 0.04865499999999998
14 0.439882 0.3728125 0.049920000000000006 0.04908299999999999
11 0.365271 0.5501495000000001 0.263554 0.18096500000000004
10 0.5128825 0.69697 0.010199000000000069 0.008536000000000054
10 0.519055 0.691848 0.009661999999999971 0.009389999999999964
10 0.7796565 0.05527105 0.005905000000000005 0.008109300000000009
10 0.789855 0.052496799999999996 0.0059039999999999536 0.007682400000000001
10 0.799785 0.164106 0.008587999999999952 0.009816000000000002
10 0.8346750000000001 0.09987215 0.008587999999999952 0.010243700000000012
10 0.8086420000000001 0.10926149999999998 0.009126000000000013 0.00938899999999998
10 0.8043480000000001 0.10115215 0.008051999999999993 0.008535700000000002
10 0.8140095 0.106701 0.00805100000000003 0.00853600000000001
10 0.8191089999999999 0.09560405000000001 0.008588000000000129 0.009389900000000007
10 0.8236715 0.1032866 0.006977000000000011 0.007682800000000001
10 0.8137409999999999 0.09795145 0.008588000000000129 0.008963100000000002
10 0.828771 0.10157894999999999 0.008587999999999952 0.0076821000000000025
10 0.8247454999999999 0.0936833 0.00912500000000005 0.009816400000000003
10 0.788513 0.13615 0.008587999999999952 0.009389999999999987
10 0.7987120000000001 0.10349975 0.00858800000000004 0.009816499999999995
10 0.7944175 0.134443 0.008589000000000003 0.00939000000000001
10 0.7984435000000001 0.14297900000000002 0.00912500000000005 0.009389999999999987
10 0.8140095 0.13871099999999997 0.010199000000000069 0.009389999999999987
10 0.792807 0.145113 0.008587999999999952 0.00853600000000001
10 0.8083739999999999 0.13017499999999999 0.009661999999999971 0.00939000000000001
10 0.8134730000000001 0.12740100000000001 0.01019799999999993 0.009816000000000002
10 0.818572 0.1566365 0.009662000000000148 0.010243000000000002
10 0.805153 0.161545 0.008587999999999952 0.009816000000000002
10 0.8035425 0.1111825 0.007515000000000072 0.008108999999999988
10 0.7925385 0.1039267 0.009124999999999961 0.009816599999999998
10 0.7949545 0.051003 0.006440999999999963 0.008109199999999993
10 0.7936125 0.08322665 0.008050999999999942 0.0093897
10 0.800054 0.04950915 0.006977999999999973 0.008536100000000001
10 0.784219 0.06359364999999999 0.007514000000000021 0.0093897
10 0.789855 0.06274005 0.006977999999999973 0.008536100000000001
10 0.795223 0.06103285000000001 0.006977999999999973 0.0093897
10 0.8008585 0.05975245 0.006440999999999963 0.0093897
10 0.8067629999999999 0.05868545000000001 0.005367999999999995 0.008962900000000006
10 0.7831455 0.08642765 0.008589000000000003 0.008962899999999996
10 0.7882450000000001 0.08493385 0.008051999999999993 0.00938969999999999
10 0.7979065000000001 0.0808792 0.00805100000000003 0.008109200000000006
10 0.783682 0.117798 0.00858800000000004 0.00939000000000001
10 0.8027374999999999 0.0798122 0.008050999999999942 0.009389599999999998
10 0.8083739999999999 0.0787452 0.009661999999999971 0.010670000000000002
10 0.8140095 0.0774648 0.010199000000000069 0.009816399999999992
10 0.7691895000000001 0.1133165 0.007514999999999983 0.00810900000000001
10 0.7740205 0.12163900000000001 0.008589000000000003 0.010243999999999986
10 0.7740205 0.112676 0.008589000000000003 0.00853600000000001
10 0.7788510000000001 0.12057150000000001 0.00858800000000004 0.008962999999999988
10 0.7785825 0.10904799999999999 0.00912500000000005 0.009815999999999981
10 0.153516 0.5202734999999999 0.008587999999999995 0.010243000000000002