4 0.356534 0.43025650000000004 0.056817999999999994 0.036923
9 0.321023 0.43538449999999995 0.018466000000000003 0.013332999999999994
9 0.356534 0.44410249999999996 0.01988599999999998 0.010257000000000006
9 0.341264 0.4341025 0.007812000000000019 0.005640999999999963
9 0.352983 0.42666649999999995 0.014203999999999972 0.009231000000000034
9 0.354403 0.40589700000000006 0.01278400000000004 0.008718000000000004
9 0.319247 0.4246155 0.012074000000000007 0.008205000000000063
9 0.34623550000000003 0.44000000000000006 0.010653000000000024 0.008205999999999936
9 0.3604405 0.4320510000000001 0.010652999999999978 0.007692000000000032
9 0.37429 0.42435900000000004 0.012783999999999995 0.008718000000000004
9 0.5198864999999999 0.373077 0.017044999999999977 0.01384599999999998
9 0.46875 0.34230799999999995 0.022728000000000036 0.018974
9 0.4609375 0.335897 0.02130700000000001 0.017435999999999962
9 0.478693 0.348205 0.01988599999999998 0.01640999999999999
9 0.556818 0.36358949999999995 0.044034 0.03282099999999999
9 0.547585 0.35410250000000004 0.03125 0.023077000000000014
9 0.428622 0.40846150000000003 0.017755999999999973 0.013846999999999988
9 0.36399149999999997 0.44692299999999996 0.019177 0.010770000000000035
4 0.33238650000000003 0.41359 0.05397699999999998 0.030256000000000016
9 0.45241450000000005 0.394872 0.022726999999999987 0.018462000000000024
9 0.472656 0.435128 0.013494000000000029 0.009744000000000063
9 0.536222 0.505641 0.03125 0.017436000000000007
9 0.5181105 0.486923 0.016335000000000034 0.008718000000000004
9 0.5152699999999999 0.481795 0.012074000000000052 0.006665999999999972
9 0.513139 0.47794849999999994 0.01349399999999994 0.008204999999999973
9 0.5074574999999999 0.47512800000000005 0.014914999999999966 0.008718000000000004
9 0.505327 0.47051300000000007 0.012074000000000052 0.007692000000000032
9 0.49751449999999997 0.463077 0.014914999999999966 0.009229999999999983
9 0.4960935 0.458718 0.010652999999999935 0.007691999999999944
9 0.4918325 0.45461550000000006 0.01349499999999999 0.007692999999999994
9 0.4886365 0.45051299999999994 0.011362999999999967 0.007692000000000032
9 0.481179 0.4420515 0.014914000000000005 0.009230999999999944
9 0.517756 0.44589749999999995 0.024148000000000013 0.013846999999999988
9 0.508523 0.435128 0.024148000000000013 0.013846000000000025
9 0.502841 0.42923050000000007 0.024147999999999926 0.013332999999999994
9 0.49396300000000004 0.42435899999999993 0.019176000000000037 0.011793999999999994
9 0.421875 0.4035895 0.017046000000000026 0.01333300000000004
9 0.443182 0.388718 0.01988599999999998 0.01538400000000002
4 0.662642 0.5751285 0.11079599999999994 0.06307700000000001
9 0.363281 0.341282 0.024858 0.020000000000000018
9 0.3327415 0.3597435 0.03196100000000004 0.02410300000000003
9 0.324219 0.366154 0.02343799999999998 0.021537999999999967
9 0.31427550000000004 0.374872 0.022017 0.017436000000000007
9 0.3050425 0.379231 0.02769900000000001 0.020000000000000018
9 0.30113650000000003 0.3879485 0.015625 0.011795
9 0.2741475 0.4015385 0.00994299999999999 0.006152999999999987
9 0.26988650000000003 0.397692 0.014205000000000023 0.008717999999999958
4 0.25426099999999996 0.374872 0.03125 0.01846199999999998
9 0.165128 0.29025650000000003 0.0063919999999999975 0.008204999999999973
9 0.19921850000000002 0.3215385 0.064631 0.059487000000000026
9 0.2049005 0.310513 0.04190299999999998 0.037436000000000025
9 0.159091 0.2515385 0.03835200000000001 0.03846099999999999
9 0.119318 0.21307700000000002 0.019886000000000004 0.018974
9 0.06107955 0.13999999999999999 0.06534090000000001 0.065642
9 0.05113639999999999 0.11153850000000001 0.021306799999999994 0.015897000000000005
9 0.346591 0.35461550000000003 0.02272799999999999 0.01897500000000001
9 0.294034 0.41 0.014203999999999972 0.010770000000000035
9 0.435369 0.3830765 0.01988599999999998 0.014358999999999966
9 0.328125 0.39 0.017046000000000026 0.009743999999999975
9 0.39488650000000003 0.32384599999999997 0.029829000000000015 0.024101999999999978
9 0.43821000000000004 0.32359 0.03125 0.02256400000000003
9 0.449929 0.3302565 0.022018000000000003 0.016411
9 0.4261365 0.3758975 0.017044999999999977 0.015385000000000027
9 0.418679 0.371282 0.019176000000000037 0.013334000000000002
9 0.4108665 0.363846 0.01775500000000001 0.01384599999999998
9 0.3984375 0.3871795 0.015625 0.011282999999999977
9 0.3884945 0.3825645 0.019886999999999988 0.01435900000000001
9 0.381747 0.3774355 0.020596000000000014 0.01435900000000001
9 0.39985799999999994 0.36 0.021306000000000002 0.014358000000000004
9 0.3728695 0.334872 0.028408999999999997 0.021538000000000012
9 0.3892045 0.353333 0.017044999999999977 0.011282000000000014
9 0.367898 0.366154 0.019886000000000025 0.011282000000000014
9 0.34446 0.379231 0.012783999999999995 0.008718000000000004
9 0.3110795 0.4010255 0.014205000000000023 0.009230999999999944
9 0.533736 0.472051 0.01775600000000006 0.009744000000000063
9 0.5266335 0.45948700000000003 0.019177 0.010255999999999954
9 0.5223725 0.45307700000000006 0.022016999999999953 0.010770000000000035
9 0.17151999999999998 0.44333349999999994 0.017755999999999994 0.011794999999999955
9 0.211648 0.513077 0.011363999999999975 0.007691999999999944
9 0.227273 0.5035895 0.019886000000000025 0.014358999999999966
9 0.1995735 0.5141025000000001 0.028408999999999972 0.025129000000000002
9 0.759588 0.9364105 0.03764199999999995 0.10461500000000008
4 0.6885654999999999 0.7633335000000001 0.051846999999999976 0.011794999999999955
9 0.6779120000000001 0.7741025 0.010653999999999986 0.013847000000000076
9 0.705611 0.777436 0.010653999999999986 0.016410000000000036
9 0.70419 0.7489744999999999 0.012073999999999963 0.022050999999999998
9 0.68821 0.7489745 0.012783999999999995 0.021025000000000026
9 0.6775565 0.75 0.008523000000000013 0.014872000000000085
9 0.6324574999999999 0.6697435 0.016335000000000034 0.015384999999999937
9 0.6214489999999999 0.6728205 0.01420400000000006 0.014358999999999966
9 0.605469 0.6771795 0.006391999999999953 0.0076930000000000835
9 0.59375 0.6630765000000001 0.009943999999999953 0.008204999999999973
9 0.5983665 0.6589745 0.009232999999999958 0.008204999999999973
9 0.1825285 0.525641 0.019886999999999988 0.016410000000000036
9 0.45383499999999993 0.293333 0.029830000000000023 0.02359
9 0.5504260000000001 0.4820515 0.026987999999999967 0.014359000000000056
9 0.4140625 0.2658975 0.036931000000000005 0.026153000000000003
4 0.619673 0.658205 0.07599399999999994 0.04974400000000001
4 0.513849 0.45846149999999997 0.11292600000000004 0.09743500000000002
4 0.355824 0.356667 0.19886399999999999 0.133846
4 0.47514199999999995 0.324615 0.211648 0.148718
4 0.4108665 0.380769 0.11008499999999999 0.07743599999999998
4 0.6392045 0.5294875 0.07954499999999998 0.05076900000000002
9 0.42223000000000005 0.3012825 0.03196000000000003 0.023077000000000014
9 0.41335250000000007 0.3097435 0.028408999999999997 0.023588999999999992
9 0.2954545 0.3915385 0.011362999999999967 0.009743000000000012
9 0.4950285 0.32153850000000006 0.022727000000000074 0.020513000000000003
9 0.48473000000000005 0.3153845 0.024857999999999957 0.018461000000000016
9 0.472656 0.3084615 0.024858000000000047 0.01897500000000001
9 0.4453125 0.28717950000000003 0.028409000000000083 0.02153900000000002
9 0.4240055 0.27358950000000004 0.022726999999999987 0.017948999999999993
9 0.43501449999999997 0.2807695 0.02769900000000005 0.022050999999999998
9 0.6086644999999999 0.6538465 0.015625 0.014359000000000056
9 0.6178975 0.6484615 0.015625 0.013846999999999988
9 0.628906 0.6461539999999999 0.013494000000000029 0.011282000000000014
9 0.6360085 0.641026 0.019177 0.017436000000000007
9 0.6225145 0.5966665 0.016335000000000034 0.011795000000000045
9 0.6299715 0.592308 0.014204999999999935 0.012307999999999986
9 0.6427555 0.5894869999999999 0.015625 0.014871999999999996
9 0.6605114999999999 0.5797435 0.017044999999999977 0.014870999999999945
9 0.669389 0.5761535 0.01775600000000006 0.017949000000000038
9 0.677912 0.5710255 0.019176000000000037 0.016923000000000066
9 0.6977985 0.5651284999999999 0.022017000000000043 0.019486999999999987
9 0.7066760000000001 0.5602565 0.01988600000000007 0.016922999999999976
4 0.683594 0.5458975 0.12429000000000005 0.061024999999999975
9 0.6420455 0.5415385 0.025569000000000043 0.016411
9 0.6235795 0.5389744999999999 0.00994300000000008 0.007178999999999913
9 0.6225145 0.540513 0.009232999999999958 0.007179999999999964
9 0.6175425 0.511282 0.03906299999999998 0.02461599999999997
9 0.5497155 0.4907695 0.015625 0.009231000000000034
9 0.544744 0.4753845 0.024148000000000013 0.012307000000000023
9 0.631037 0.5766665 0.012073999999999963 0.006667000000000023
9 0.6175425000000001 0.5835895000000001 0.016335000000000034 0.008204999999999973
9 0.6189635 0.552564 0.009233000000000047 0.006666000000000061
9 0.6924715000000001 0.5320515 0.028408999999999997 0.015897000000000005
9 0.6786225 0.490513 0.04616500000000005 0.02512800000000004
9 0.7024145 0.482564 0.008523000000000013 0.007179999999999964
9 0.6555395 0.503846 0.008523000000000013 0.007692000000000032
9 0.658381 0.5023075 0.007101999999999986 0.006666999999999934
9 0.6864345000000001 0.4989745 0.026278999999999986 0.015385000000000027
9 0.653054 0.5502564999999999 0.058948 0.031794999999999976
9 0.6892755 0.525641 0.027698999999999963 0.013334000000000045
9 0.6168324999999999 0.5551280000000001 0.010653000000000024 0.007692000000000032
9 0.665838 0.534872 0.019176000000000037 0.010256000000000043
9 0.6026275 0.535641 0.009233000000000047 0.007692000000000032
9 0.6107955 0.543846 0.007102999999999948 0.007691999999999944
9 0.606534 0.5453844999999999 0.007102000000000075 0.007692999999999994
9 0.6118605 0.5594870000000001 0.009232999999999958 0.007179999999999964
9 0.6143465 0.557436 0.00994299999999999 0.007180000000000053
9 0.018465925 0.0869229 0.034090949999999995 0.04153820000000001