14 0.5151030000000001 0.541275 0.15873999999999996 0.12684599999999993
10 0.877571 0.340604 0.021208000000000025 0.027516000000000006
10 0.869537 0.4614095000000001 0.020565999999999994 0.03154300000000001
10 0.882712 0.4332215 0.022494000000000014 0.028859000000000013
10 0.8547554999999999 0.4573824999999999 0.02185100000000002 0.030201000000000013
10 0.8419025000000001 0.4516780000000001 0.020565000000000035 0.02818800000000001
10 0.8563625 0.4197984999999999 0.02120899999999999 0.030201000000000013
10 0.8428665000000001 0.4140940000000001 0.019923000000000003 0.03087200000000001
10 0.8293699999999999 0.410067 0.021208000000000025 0.029529999999999966
10 0.8017355 0.43422800000000006 0.019923000000000003 0.02818800000000001
10 0.8161954999999999 0.4026845 0.02185100000000002 0.02953100000000002
10 0.9450514999999999 0.3728185 0.019923000000000003 0.027517000000000014
10 0.9318764999999999 0.365101 0.02185100000000002 0.02953000000000001
10 0.8901029999999999 0.347987 0.023136000000000045 0.03288599999999997
10 0.8525065 0.327517 0.019923000000000003 0.02818800000000001
10 0.9080974999999999 0.481879 0.02442100000000007 0.03624200000000002
10 0.6111825 0.7966445 0.023137000000000008 0.03221500000000006
10 0.6243575 0.7677855 0.02249300000000005 0.03221500000000006
6 0.628535 0.114765 0.026991999999999995 0.022818000000000005
6 0.5980074999999999 0.16912750000000001 0.027634999999999986 0.020134999999999993
10 0.6041135000000001 0.07483219999999999 0.014139000000000035 0.028859000000000003
10 0.5340615 0.10872509999999999 0.014139000000000035 0.025503799999999986
10 0.555591 0.790604 0.02635000000000005 0.01879200000000001
10 0.5681235 0.760067 0.02827699999999993 0.01543600000000005
10 0.5970435000000001 0.8268454999999999 0.02442099999999998 0.034899000000000055
10 0.5723010000000001 0.8815435 0.02120799999999994 0.0288590000000001
6 0.559126 0.9134229999999999 0.021850000000000057 0.03087199999999992
6 0.5437015 0.9453019999999999 0.02185100000000002 0.03422800000000006
10 0.8974935 0.47047000000000005 0.02120899999999999 0.02953000000000001
10 0.9215935 0.4869125 0.021850999999999843 0.030201000000000013
14 0.5507709999999999 0.461074 0.15681199999999995 0.12483199999999997
10 0.857005 0.5422819999999999 0.018637999999999978 0.025504000000000016
14 0.583869 0.38255 0.15873999999999996 0.12483199999999997
14 0.6192154999999999 0.304698 0.15745499999999996 0.12483199999999997
14 0.26638799999999996 0.4214765 0.15874000000000002 0.123489
14 0.3020565 0.342282 0.158097 0.12617399999999995
14 0.3364395 0.2637585 0.16002500000000003 0.12751700000000002
14 0.37017999999999995 0.184564 0.158098 0.12617400000000004
10 0.937661 0.580537 0.01928000000000001 0.02953000000000001
10 0.922879 0.578188 0.020565999999999994 0.027515999999999964
10 0.910347 0.5697985 0.01735199999999999 0.026844999999999963
10 0.8965295000000001 0.5654365 0.015424999999999934 0.027517000000000014
10 0.8833545 0.5560404999999999 0.019923000000000003 0.028859000000000013
10 0.8698585 0.5526845 0.019923000000000003 0.028859000000000013
10 0.8428665000000001 0.5416105 0.02249300000000005 0.03087300000000006
10 0.9357325 0.45536899999999997 0.02185100000000002 0.030201999999999972
10 0.8309770000000001 0.5335570000000001 0.01928000000000001 0.02818800000000001
10 0.816838 0.5278525000000001 0.01928000000000001 0.026175000000000014
10 0.803663 0.5224835000000001 0.01735200000000008 0.027517000000000014
10 0.791131 0.5167785 0.01927999999999992 0.028187000000000052
10 0.779563 0.509396 0.023136000000000045 0.03490000000000002
10 0.767031 0.5 0.018637999999999978 0.03087199999999992
10 0.9717224999999999 0.516443 0.017994999999999983 0.03288599999999997
10 0.9611180000000001 0.507718 0.022493999999999837 0.031543999999999975
10 0.9730080000000001 0.47617449999999995 0.01928000000000001 0.03288500000000001
10 0.9456939999999999 0.5043625 0.01735199999999999 0.027517000000000014
10 0.9344474999999999 0.4932885000000001 0.02185100000000002 0.030872999999999973
10 0.9482649999999999 0.46409350000000005 0.021208000000000025 0.028859000000000013
10 0.4794345 0.958054 0.026993000000000045 0.015435999999999872