11 0.6741745 0.695078 0.09509500000000007 0.12965199999999993
3 0.6806810000000001 0.6938774999999999 0.16016000000000002 0.21608699999999992
12 0.415415 0.3559425 0.054053999999999956 0.06602699999999997
12 0.358358 0.42617000000000005 0.054054000000000005 0.06002399999999999
12 0.41741700000000004 0.42496999999999996 0.056055999999999974 0.05762399999999999
12 0.36036 0.4981995 0.056056000000000016 0.062424999999999994
12 0.416416 0.4969985 0.056056000000000016 0.062424999999999994
12 0.518018 0.185474 0.055056000000000084 0.06122399999999999
12 0.577578 0.18307299999999999 0.05005000000000006 0.05882399999999999
12 0.6341345 0.1782715 0.051050999999999916 0.06362499999999997
12 0.6906909999999999 0.1782715 0.052051999999999946 0.06602699999999999
12 0.580581 0.2863145 0.05005000000000006 0.05882299999999998
12 0.6346350000000001 0.2815125 0.052051999999999946 0.061224999999999995
12 0.581582 0.3517405 0.05004999999999997 0.05762299999999998
12 0.6361364999999999 0.34813900000000003 0.04904900000000003 0.05522199999999997
12 0.582583 0.420168 0.05205200000000003 0.060024000000000036
12 0.6376379999999999 0.41716699999999995 0.05205200000000003 0.06122399999999999
12 0.5830835000000001 0.485594 0.051051 0.06122399999999999
12 0.6386390000000001 0.48499400000000004 0.05205200000000003 0.062424000000000035
12 0.355355 0.356543 0.056055999999999974 0.06482600000000001