14 0.9098025 0.632148 0.03377300000000005 0.06206399999999999
13 0.85626 0.190028 0.023888 0.02301200000000001
13 0.4654035 0.1785215 0.032949000000000075 0.012552999999999991
13 0.23682049999999996 0.40097649999999996 0.020592999999999993 0.033472999999999996
13 0.4052715 0.35146449999999996 0.032948999999999985 0.013946999999999977
13 0.45551899999999995 0.353905 0.03953800000000003 0.014644000000000013
13 0.4032125 0.371339 0.038714999999999965 0.013250000000000029
13 0.23640850000000002 0.45641599999999993 0.019769000000000016 0.034170000000000034
13 0.23311349999999997 0.502092 0.013179000000000007 0.030684000000000024
13 0.396623 0.5749655 0.035419999999999965 0.016039000000000046
13 0.22734750000000004 0.649233 0.016475000000000017 0.026500000000000058
13 0.22322899999999998 0.7932355 0.02306400000000002 0.03138099999999992
13 0.43904449999999995 0.7517435 0.03459700000000003 0.016737000000000002
13 0.4954695 0.950488 0.03706700000000005 0.015342000000000055
13 0.8542010000000001 0.0864714 0.013180000000000015 0.0223152
13 0.8591435000000001 0.034867499999999996 0.02635899999999989 0.016736400000000002
13 0.8043655000000001 0.18828450000000002 0.027182999999999957 0.019524999999999994
14 0.960049 0.6338915 0.023888 0.06136699999999999
13 0.815898 0.21269200000000002 0.025535999999999958 0.015342000000000012
13 0.8488469999999999 0.32636000000000004 0.01894600000000004 0.025104000000000015
13 0.8150739999999999 0.339958 0.028830000000000133 0.028591999999999996
13 0.7961285 0.37970699999999996 0.028831000000000006 0.014643999999999968
13 0.63056 0.555091 0.04036200000000001 0.019525999999999932
13 0.7878909999999999 0.5850770000000001 0.030478000000000005 0.019526000000000023
13 0.8043659999999999 0.6516735 0.023888 0.024406999999999977
13 0.677924 0.7590655 0.041185999999999987 0.01882900000000003
13 0.801895 0.7395400000000001 0.02388799999999991 0.029985999999999978
13 0.678748 0.955021 0.024711999999999977 0.01743400000000008
14 0.8583195 0.537657 0.032948999999999985 0.06136599999999994
14 0.8554365 0.630753 0.03212500000000009 0.06206399999999999
14 0.9126850000000001 0.5390515 0.03624400000000012 0.06276099999999998
14 0.9641680000000001 0.540446 0.023888 0.059972000000000046
13 0.244646 0.20467249999999998 0.01647400000000001 0.03138099999999999