10 0.9254475 0.7028705000000001 0.014806999999999881 0.011637000000000074
10 0.167011 0.23836300000000002 0.013773999999999998 0.016679999999999983
10 0.1027893 0.130528 0.007231399999999999 0.015127999999999985
10 0.13429750000000001 0.15360749999999998 0.012396999999999991 0.019394999999999985
10 0.1206955 0.17533 0.008609 0.015515999999999997
10 0.1267215 0.20539199999999996 0.010331000000000002 0.016679999999999983
10 0.13068200000000002 0.22284699999999996 0.009985999999999984 0.01512800000000003
10 0.17734149999999999 0.22148950000000003 0.015151000000000003 0.009308999999999967
10 0.141529 0.26900700000000005 0.010329999999999995 0.017456000000000006
10 0.969697 0.6987975000000001 0.01652799999999992 0.012024999999999952
10 0.145317 0.28762600000000005 0.009641999999999994 0.016679999999999983
10 0.150654 0.3114815 0.009986000000000005 0.018618999999999986
10 0.162018 0.38886750000000003 0.009986000000000005 0.017455
10 0.09383630000000001 0.25 0.012741400000000003 0.007369999999999965
10 0.0690427 0.25659400000000004 0.013429800000000002 0.00737000000000001
8 0.784952 0.646819 0.15185999999999994 0.16796000000000005
10 0.22847749999999997 0.625873 0.010675000000000035 0.01590400000000001
10 0.31714849999999994 0.9325060000000001 0.010331000000000002 0.01473999999999993
10 0.2728995 0.8079905000000001 0.01274099999999998 0.018618999999999986
10 0.3140495 0.262219 0.013084999999999968 0.009310000000000018
10 0.330406 0.2662915 0.015496000000000043 0.01124900000000002
10 0.3577825 0.28432899999999994 0.013085000000000013 0.01629200000000002
10 0.3414255 0.9749805 0.011363000000000012 0.010473
10 0.6713155000000001 0.0354926 0.013429000000000002 0.0174554
10 0.6336090000000001 0.06361520000000001 0.010329999999999995 0.013188600000000005
10 0.7327825000000001 0.9206749999999999 0.008265000000000012 0.014352000000000054
10 0.74604 0.906517 0.007920000000000016 0.015515999999999863
10 0.7326105 0.552948 0.016873000000000006 0.016679999999999938
10 0.840048 0.9788595000000001 0.014117999999999853 0.009697000000000067
10 0.868974 0.710628 0.011364000000000018 0.01551600000000004
10 0.8846415000000001 0.617727 0.006887000000000043 0.013575999999999944
10 0.92958 0.68173 0.01549599999999991 0.01202399999999999
10 0.9474859999999999 0.6906515000000001 0.012051999999999907 0.009696999999999978
8 0.20712799999999998 0.6303335000000001 0.03064800000000001 0.034911000000000046