13 0.9809339999999999 0.371502 0.010400000000000098 0.024558000000000035
3 0.3003235 0.4106225 0.13565900000000003 0.131353
13 0.0852785 0.24928599999999998 0.008319799999999999 0.014278000000000013
13 0.12676199999999999 0.060536849999999996 0.01040000000000001 0.015990899999999995
13 0.1479085 0.1930325 0.008782999999999985 0.014849000000000024
13 0.26461750000000006 0.04654485 0.010169000000000006 0.015419700000000003
13 0.26415550000000004 0.18675049999999999 0.009706999999999999 0.014849000000000001
13 0.2824125 0.22301549999999998 0.006470999999999982 0.01998899999999999
13 0.07002545 0.718161 0.009706499999999996 0.011993999999999972
1 0.1495265 0.5525415 0.015253000000000006 0.05539699999999996
1 0.165588 0.551685 0.015946000000000016 0.05710999999999995
14 0.14860199999999998 0.475157 0.012018000000000018 0.05596800000000002
14 0.163624 0.4743005 0.012941999999999987 0.05539699999999996
0 0.1980585 0.3732155 0.040674999999999996 0.10336899999999996
11 0.476427 0.37121649999999995 0.11301199999999997 0.170189
13 0.9652185 0.2070245 0.005776999999999965 0.01998899999999999
13 0.48879149999999993 0.15533950000000002 0.009706999999999955 0.027413
13 0.4978045 0.7532835 0.00831900000000001 0.026270999999999933
13 0.5079735 0.750714 0.0069329999999999895 0.024557999999999948
13 0.6339265000000001 0.7424324999999999 0.009707000000000044 0.02741300000000004
3 0.6623525 0.329526 0.166859 0.197602
11 0.6563435 0.3338095 0.101687 0.121645
12 0.8451584999999999 0.9077670000000001 0.04529700000000005 0.11022200000000008
12 0.8858330000000001 0.7904055 0.02911999999999999 0.06853299999999996
13 0.909175 0.0659623 0.012941999999999964 0.0314106
13 0.900393 0.12164450000000002 0.007395999999999958 0.026271
13 0.900971 0.2635635 0.0067019999999999415 0.025699000000000007
13 0.9760805000000001 0.154483 0.007626999999999917 0.027983999999999988
13 0.07915414999999999 0.0511136 0.006239899999999998 0.025699600000000006