1 0.3634235 0.391113 0.051582999999999976 0.061650000000000024
1 0.37719800000000003 0.35428350000000003 0.050996 0.06164900000000002
1 0.3918525 0.3182545 0.05099700000000005 0.06164900000000002
11 0.23153600000000002 0.34347500000000003 0.09026999999999999 0.12810200000000002
11 0.264654 0.2510005 0.07795999999999999 0.11128900000000001
11 0.5553929999999999 0.6192955 0.23270799999999997 0.43474700000000005
3 0.5501175 0.613291 0.279601 0.5172140000000001
14 0.6740915 0.37990399999999996 0.04806499999999998 0.08246599999999997
14 0.645369 0.357486 0.04806600000000003 0.08406799999999999
14 0.6157679999999999 0.3370695 0.049824 0.08326700000000002
14 0.5867525 0.3154525 0.04806499999999998 0.08326700000000002
14 0.556858 0.29383499999999996 0.04806600000000003 0.08166600000000002