14 0.3826 0.511628 0.04821800000000005 0.05315599999999998
14 0.5209645 0.49390900000000004 0.04402500000000007 0.05315599999999998
14 0.49790349999999994 0.513289 0.04612100000000004 0.05426399999999996
14 0.47484300000000007 0.5326685 0.046121999999999996 0.05537099999999997
14 0.45282999999999995 0.5526025 0.046121999999999996 0.05315700000000003
14 0.428721 0.5725355000000001 0.046121999999999996 0.05537099999999997
14 0.47431850000000003 0.43300099999999997 0.04507299999999992 0.05094199999999995
14 0.451258 0.45127349999999994 0.04507399999999997 0.05204899999999997
14 0.428721 0.4723145000000001 0.046121999999999996 0.05204899999999997
14 0.40566050000000003 0.49114050000000004 0.04612099999999999 0.05204899999999997
1 0.316562 0.46511650000000004 0.05660400000000001 0.06201499999999997
1 0.424528 0.3754155 0.058700000000000016 0.066445
1 0.397799 0.39867149999999996 0.059747999999999954 0.06644499999999995
1 0.37106900000000004 0.419712 0.058700000000000016 0.06423000000000001
1 0.342767 0.44296800000000003 0.05660400000000001 0.06201600000000003
11 0.6132075 0.7392025 0.24109100000000003 0.27574699999999996