11 0.44840749999999996 0.5056315 0.05222899999999999 0.09009700000000001
10 0.4159235 0.334175 0.0031850000000000376 0.0019419999999999772
10 0.416242 0.3304855 0.0031840000000000757 0.0015530000000000045
10 0.416242 0.328738 0.0031840000000000757 0.0019419999999999772
10 0.416401 0.326796 0.002866000000000035 0.0019420000000000214
10 0.4165605 0.32446600000000003 0.0031850000000000376 0.0019420000000000214
10 0.416401 0.32252400000000003 0.002866000000000035 0.0019419999999999772
10 0.4165605 0.3205825 0.0031850000000000376 0.001941000000000015
10 0.4165605 0.318641 0.0031850000000000376 0.0019420000000000214
10 0.4165605 0.316505 0.0031850000000000376 0.0015540000000000109
10 0.4165605 0.314757 0.0031850000000000376 0.0019420000000000214
10 0.40939499999999995 0.31456300000000004 0.0028659999999999463 0.0023299999999999875
10 0.409713 0.304272 0.002866000000000035 0.0019420000000000214
10 0.41687899999999994 0.304466 0.0031839999999999868 0.0023299999999999875
10 0.41687899999999994 0.30077699999999996 0.0031839999999999868 0.0019419999999999772
10 0.41433099999999995 0.349903 0.0025479999999999947 0.0015540000000000109
10 0.4144905 0.3518445 0.002866999999999997 0.0015530000000000045
10 0.4146495 0.355728 0.0031850000000000376 0.0023299999999999875
10 0.41417199999999993 0.35961150000000003 0.0028659999999999463 0.0015530000000000045
10 0.41369449999999997 0.37767 0.0031850000000000376 0.0019420000000000214
10 0.413535 0.371456 0.0035040000000000405 0.0019420000000000214
10 0.416242 0.332233 0.0031840000000000757 0.0019420000000000214
10 0.4159235 0.3363105 0.0031850000000000376 0.0015530000000000045
6 0.41417199999999993 0.3662135 0.0035039999999999516 0.0015530000000000045
10 0.4092355 0.3182525 0.003184999999999949 0.0019409999999999705
10 0.6638534999999999 0.671068 0.001593 0.003884000000000043
10 0.662261 0.671068 0.001591999999999949 0.003884000000000043
10 0.660191 0.671068 0.0012739999999999974 0.003884000000000043
10 0.6581210000000001 0.6708740000000001 0.0015920000000000378 0.004272000000000009
10 0.6557325 0.6708740000000001 0.0019110000000000405 0.004272000000000009
10 0.661465 0.6650484999999999 0.0012739999999999974 0.003495000000000026
10 0.6598729999999999 0.6654370000000001 0.0012739999999999974 0.004272000000000009
10 0.6581210000000001 0.6652425 0.0009559999999999569 0.003883000000000081
10 0.658599 0.6565044999999999 0.0012739999999999974 0.003494999999999937
10 0.655892 0.6648545 0.0015920000000000378 0.003882999999999992
10 0.655892 0.656699 0.0015920000000000378 0.0038839999999999543
10 0.6541399999999999 0.6565044999999999 0.0012739999999999974 0.003494999999999937
10 0.6520699999999999 0.6561165 0.0015920000000000378 0.004270999999999958
10 0.658917 0.6526215000000001 0.0012739999999999974 0.003494999999999937
10 0.657006 0.6530095 0.0012739999999999974 0.003495000000000026
10 0.6605095000000001 0.6526210000000001 0.0012730000000000352 0.004272000000000009
10 0.4090765 0.3262135 0.002866999999999997 0.00155299999999996
10 0.40907649999999995 0.324078 0.0035029999999999896 0.0019420000000000214
10 0.4092355 0.3219415 0.003184999999999949 0.0015530000000000045
6 0.41401249999999995 0.36815549999999997 0.003184999999999949 0.0015530000000000045
6 0.41417199999999993 0.36368900000000004 0.0035039999999999516 0.0019419999999999772
10 0.6573249999999999 0.675728 0.0012739999999999974 0.0038839999999999543
10 0.207484 0.332621 0.0015920000000000378 0.004272000000000009
10 0.20015900000000003 0.613592 0.0015919999999999934 0.0038839999999999543
10 0.1638535 0.6475730000000001 0.001593 0.004272000000000009
6 0.21289800000000003 0.6374755000000001 0.0022299999999999985 0.009709000000000056
10 0.16974499999999998 0.675922 0.0012739999999999974 0.00427199999999992
8 0.1835985 0.7310679999999999 0.03598699999999999 0.04543600000000003
10 0.197134 0.8330095 0.0012739999999999974 0.003883000000000081
10 0.158121 0.8866019999999999 0.0015919999999999934 0.0038839999999998654
10 0.161306 0.9262135 0.0015919999999999934 0.003106999999999971
10 0.12770700000000001 0.0337864 0.0019100000000000117 0.0031067999999999985
10 0.125796 0.034368949999999995 0.0012739999999999974 0.0019417000000000017
10 0.1240445 0.0357282 0.001593 0.0031067999999999985
6 0.1186305 0.0345631 0.002866999999999997 0.003106800000000004
10 0.11878999999999999 0.0314563 0.0025479999999999947 0.0031067999999999985
10 0.116879 0.026213599999999997 0.003821999999999992 0.004271800000000001
10 0.1173565 0.029514600000000002 0.0022289999999999923 0.0031067999999999985
10 0.1146495 0.0248544 0.004458999999999991 0.004660200000000001
6 0.113376 0.020194200000000002 0.007006000000000001 0.0062136
6 0.11162399999999999 0.0168932 0.005414000000000007 0.0042717999999999975
10 0.10398100000000002 0.010097070312500001 0.002866000000000013 0.002330059375
10 0.1974525 0.6260195 0.001910999999999996 0.003882999999999992
10 0.2079615 0.31184500000000004 0.0019110000000000405 0.00466000000000002
6 0.4073245 0.368155 0.0031850000000000376 0.0023299999999999875
10 0.129618 0.033009750000000004 0.002548000000000017 0.0038835000000000007
6 0.4073245 0.36582499999999996 0.0031850000000000376 0.002330000000000032
6 0.4073245 0.359612 0.0031850000000000376 0.0023299999999999875
11 0.296019 0.297087 0.03534999999999999 0.02873800000000002
10 0.3335985 0.24912599999999996 0.0009549999999999947 0.002717999999999998
10 0.340605 0.2405825 0.002866000000000035 0.001941000000000015
10 0.333758 0.2405825 0.0025479999999999947 0.001941000000000015
10 0.28152900000000003 0.24310649999999998 0.0025479999999999947 0.0015530000000000045
10 0.34283450000000004 0.18679600000000002 0.0022290000000000365 0.0038839999999999986
10 0.34060499999999994 0.186602 0.0022299999999999985 0.003495999999999988
10 0.33885350000000003 0.186602 0.001910999999999996 0.003495999999999988
10 0.3450635 0.195922 0.0022289999999999923 0.0019419999999999993
10 0.34172 0.195534 0.002548000000000039 0.0019419999999999993
10 0.337739 0.19572799999999999 0.002865999999999991 0.0015539999999999888
10 0.2826435 0.189126 0.0035029999999999896 0.00233000000000001
10 0.27643300000000004 0.10893199999999999 0.0031840000000000314 0.004271999999999987
10 0.24028650000000001 0.139029 0.003503000000000034 0.0038839999999999986
10 0.30031850000000004 0.057281549999999994 0.002546999999999988 0.0034951000000000066
6 0.3017515 0.052038799999999996 0.004776999999999987 0.006213599999999997
10 0.131688 0.031844700000000004 0.0022299999999999985 0.004660199999999998
10 0.6555730000000001 0.675728 0.0015920000000000378 0.0038839999999999543
10 0.660032 0.6763104999999999 0.001591999999999949 0.003494999999999937
8 0.198567 0.2114565 0.07738799999999998 0.09669899999999998
10 0.6291399999999999 0.37747600000000003 0.0028659999999999463 0.0023299999999999875
10 0.6092354999999999 0.3784465 0.003184999999999949 0.0019409999999999705
10 0.6092354999999999 0.3737865 0.003184999999999949 0.001941000000000015
10 0.6092354999999999 0.370097 0.003184999999999949 0.0023299999999999875
10 0.6692674999999999 0.3250485 0.0009549999999999947 0.003107000000000015
10 0.661465 0.2636895 0.0012739999999999974 0.003106999999999971
10 0.6565285 0.263301 0.0009549999999999947 0.003106000000000009
10 0.6546179999999999 0.2631065 0.0015920000000000378 0.003495000000000026
10 0.652707 0.2631065 0.001591999999999949 0.003495000000000026
10 0.650637 0.263301 0.0012739999999999974 0.003106000000000009
10 0.6482485 0.2629125 0.001593 0.003882999999999992
10 0.646019 0.2623305 0.001591999999999949 0.0034949999999999816
10 0.6436310000000001 0.2623305 0.0012739999999999974 0.0034949999999999816
10 0.655255 0.254563 0.002866000000000035 0.0019420000000000214
10 0.6515925 0.253592 0.0031850000000000376 0.0023299999999999875
10 0.647452 0.2539805 0.0025479999999999947 0.0015530000000000045
10 0.641083 0.25339799999999996 0.0025479999999999947 0.0019419999999999772
10 0.6374205 0.25339799999999996 0.002866999999999997 0.0019419999999999772
10 0.633121 0.2535925 0.0025480000000000836 0.00155299999999996
10 0.6171975 0.252621 0.0025470000000000327 0.0019419999999999772
10 0.6171975 0.3704855 0.0025470000000000327 0.00155299999999996
10 0.609713 0.354757 0.002866000000000035 0.0019420000000000214
10 0.6050955 0.25223300000000004 0.0025470000000000327 0.0019419999999999772
6 0.725 0.16582550000000001 0.0022299999999999542 0.005437000000000003
11 0.452548 0.35301 0.05159199999999995 0.09087399999999998
11 0.5136945 0.3493205 0.05095499999999999 0.09048500000000001
11 0.5742039999999999 0.3580585 0.05095599999999996 0.09009699999999995
11 0.5090765 0.514175 0.04235699999999998 0.07301000000000002
11 0.5700635000000001 0.514369 0.05095499999999999 0.08815599999999994
11 0.39410850000000003 0.684466 0.051911 0.09203799999999998
8 0.72914 0.235146 0.07802600000000001 0.09359200000000001
8 0.9665604999999999 0.382524 0.008917000000000109 0.010874000000000005
10 0.9590765000000001 0.48970850000000005 0.003503000000000078 0.003882999999999992
10 0.9386939999999999 0.538058 0.001591999999999949 0.004272000000000009
10 0.9390125000000001 0.5506800000000001 0.0022289999999999923 0.004659999999999975
10 0.9412420000000001 0.56233 0.002866000000000035 0.004660000000000064
10 0.9496815000000002 0.5798059999999999 0.0025470000000000327 0.0038839999999999543
10 0.9640129999999999 0.594175 0.003822000000000081 0.003884000000000043
8 0.8643315000000001 0.3836895 0.0210189999999999 0.024855000000000026
10 0.718153 0.289709 0.0025479999999999947 0.0023299999999999875
10 0.7151275 0.288932 0.002866999999999997 0.0023299999999999875
10 0.69379 0.2720385 0.002866000000000035 0.0034949999999999816
6 0.730414 0.291068 0.0035039999999999516 0.0019419999999999772
10 0.6133759999999999 0.25281549999999997 0.0025479999999999947 0.0015530000000000045
6 0.6117834999999999 0.41650449999999994 0.00382100000000003 0.005825000000000013
10 0.6619425 0.6761165 0.001593 0.003882999999999992
10 0.6292994999999999 0.654369 0.003184999999999949 0.0015539999999999664
10 0.6294584999999999 0.6506795000000001 0.002866999999999997 0.0019409999999999705
10 0.6294584999999999 0.648544 0.0035029999999999896 0.0023299999999999875
10 0.6294584999999999 0.64466 0.0035029999999999896 0.0015539999999999664
10 0.6299365 0.6427185 0.0031850000000000376 0.0015530000000000045
10 0.629777 0.6409710000000001 0.002866000000000035 0.0019419999999999327
10 0.6299365 0.638641 0.0031850000000000376 0.0019420000000000214
10 0.6300955 0.636505 0.0035029999999999896 0.0023299999999999875
10 0.6300955 0.6328155000000001 0.002866999999999997 0.0019409999999999705
10 0.6305735 0.6275729999999999 0.003184999999999949 0.0023299999999999875
10 0.630414 0.709903 0.0015920000000000378 0.003884000000000043
10 0.6409235000000001 0.7058249999999999 0.001593 0.004272000000000009
10 0.6377390000000001 0.705631 0.001591999999999949 0.003106000000000009
10 0.6361465000000001 0.7054370000000001 0.001593 0.004272000000000009
10 0.6342355 0.7054370000000001 0.001593 0.004272000000000009
10 0.632325 0.7054365 0.001591999999999949 0.003495000000000026
8 0.623567 0.6864079999999999 0.01592400000000005 0.02058200000000001
10 0.6608280000000001 0.6963105 0.0012739999999999974 0.003882999999999992
10 0.666242 0.675922 0.0012740000000000863 0.00427199999999992
10 0.664013 0.6761165 0.0012739999999999974 0.003882999999999992
10 0.6292994999999999 0.6528155 0.003184999999999949 0.0015530000000000045
10 0.629936 0.658641 0.003821999999999992 0.0023299999999999875
10 0.645541 0.6555340000000001 0.0012739999999999974 0.003106000000000009
10 0.6302545 0.661165 0.003184999999999949 0.0019420000000000214
10 0.6441085 0.6553395 0.0009549999999999947 0.003495000000000026
10 0.642516 0.6557285 0.001591999999999949 0.003495000000000026
10 0.6410830000000001 0.6559225 0.0012739999999999974 0.003882999999999992
10 0.6394905 0.6559225 0.0019110000000000405 0.00310700000000006
10 0.6377390000000001 0.6559225 0.001591999999999949 0.003882999999999992
10 0.6358280000000001 0.6559225 0.0015920000000000378 0.003882999999999992
10 0.6457005 0.6516505 0.001593 0.00310700000000006
10 0.6442675 0.651262 0.0012730000000000352 0.003884000000000043
10 0.642357 0.6518444999999999 0.0012739999999999974 0.003495000000000026
10 0.6409235000000001 0.6518444999999999 0.0009549999999999947 0.003495000000000026
10 0.6394905 0.651845 0.0019110000000000405 0.004272000000000009
10 0.6378980000000001 0.6516505 0.0012739999999999974 0.003882999999999992
10 0.6359870000000001 0.6516505 0.0012739999999999974 0.00310700000000006
10 0.646019 0.6438835 0.001591999999999949 0.004660999999999938
10 0.6431530000000001 0.643495 0.0015920000000000378 0.0038839999999999543
10 0.641242 0.643495 0.001591999999999949 0.0038839999999999543
10 0.6378980000000001 0.6431065 0.0012739999999999974 0.003106999999999971
10 0.636306 0.6429125 0.0012739999999999974 0.003495000000000026
10 0.6364650000000001 0.638835 0.001591999999999949 0.003884000000000043
10 0.10366249999999999 0.008155340624999998 0.002866999999999997 0.0023301000000000003